-998337
-998166
-997719
-997670
-997310
-996906
-996609
-996360
-996309
-996154
-996146
-995913
-995703
-995277
-995238
-995066
-994943
-994740
-993661
-993211
-993208
-992987
-991721
-990736
-990556
-989948
-989805
-989548
-988784
-988193
-987905
-987062
-986930
-986233
-985568
-985337
-985210
-984811
-984725
-984624
-984019
-983988
-983833
-983790
-983669
-982432
-981991
-980530
-980069
-979884
-978752
-978344
-978198
-977899
-977640
-976883
-975161
-974048
-973906
-973655
-971507
-970557
-969984
-969571
-969385
-968928
-968880
-968372
-967768
-967302
-967199
-966745
-966707
-965512
-965255
-963787
-963741
-963727
-963233
-962741
-962445
-961407
-961198
-960882
-960294
-958906
-958822
-957420
-957331
-956649
-956532
-955747
-955308
-954650
-954519
-954098
-953758
-953115
-953017
-952583
-951626
-951298
-951004
-949794
-949578
-949074
-948879
-947668
-946815
-946477
-946307
-946257
-946036
-944937
-944917
-944626
-944254
-944123
-942713
-942537
-941432
-940454
-940342
-939523
-939176
-938480
-938113
-937783
-936854
-936786
-936733
-935652
-935044
-934514
-934236
-933803
-933551
-932391
-931079
-930998
-930317
-929673
-929267
-927326
-927226
-926986
-926927
-926428
-926172
-926081
-925644
-924435
-924177
-923879
-923676
-923132
-922943
-922865
-922841
-922602
-922074
-922016
-921403
-920469
-920065
-918328
-918315
-916756
-915079
-914237
-914151
-914042
-913774
-913285
-912832
-911844
-911790
-911622
-911536
-910736
-909204
-908838
-908450
-907382
-907367
-905827
-905599
-904635
-904318
-903881
-902877
-902746
-902553
-902335
-901987
-901827
-900680
-899486
-898893
-898727
-898132
-897904
-897296
-896570
-896160
-896146
-896127
-895515
-894253
-893768
-893313
-893110
-892930
-892473
-891424
-890909
-890713
-890499
-889860
-889201
-888246
-887957
-887956
-887628
-887534
-887444
-886801
-886234
-885830
-885732
-885616
-884515
-883506
-883240
-882886
-882788
-882180
-880656
-880501
-879920
-878838
-878793
-877743
-877264
-876834
-876765
-876607
-875720
-875381
-874847
-874655
-874541
-874496
-873616
-872825
-872088
-871467
-870617
-870562
-869259
-868729
-867337
-867136
-866667
-865997
-865958
-865279
-864468
-863416
-862801
-862787
-862593
-862390
-862303
-861371
-860945
-860684
-860463
-860377
-860224
-860215
-859743
-859625
-859623
-859289
-858978
-858766
-858497
-858215
-856859
-856265
-855796
-855663
-855640
-855415
-855199
-854881
-853849
-853053
-852597
-852370
-851587
-851520
-851367
-849510
-848259
-847716
-847432
-847079
-845554
-845217
-845171
-844973
-844963
-844854
-843885
-843402
-843249
-842007
-841635
-841365
-840903
-840816
-839699
-838827
-838705
-838348
-836793
-836219
-835676
-834730
-834490
-834167
-833513
-832957
-832555
-831801
-830673
-830346
-829816
-829626
-829302
-828365
-827611
-826702
-826308
-825588
-825571
-825106
-824891
-824567
-823825
-823446
-821392
-819909
-819844
-818759
-818530
-818112
-817932
-817611
-816181
-816021
-815706
-815633
-814766
-814506
-814488
-814318
-813933
-812820
-812737
-812709
-812481
-812212
-812044
-811413
-810902
-809886
-809774
-809668
-809296
-805026
-804914
-804778
-804548
-804297
-804182
-802272
-802153
-801729
-801226
-798588
-798573
-797236
-796899
-796813
-796763
-795408
-795259
-795191
-795078
-794726
-794500
-794313
-794265
-794147
-793873
-793788
-792106
-791586
-789613
-788860
-788007
-787514
-787229
-787207
-786247
-785609
-784901
-784701
-784386
-784235
-783640
-783424
-782961
-782894
-782888
-782459
-782367
-782042
-781897
-781838
-781550
-780175
-780090
-779223
-778074
-778012
-777585
-776447
-774826
-774526
-773083
-772042
-770946
-770447
-770243
-769449
-769033
-768774
-768603
-768080
-767084
-766285
-766164
-765638
-764734
-763293
-763066
-762852
-762747
-762582
-761812
-760261
-760131
-759441
-758952
-758271
-758229
-758074
-757927
-757619
-756490
-756411
-756082
-756070
-755266
-755225
-754924
-754755
-754721
-754463
-754415
-754241
-753708
-753357
-753292
-753241
-753013
-752843
-752031
-750237
-749962
-749887
-748532
-748366
-747859
-747204
-747081
-746551
-746375
-745776
-745623
-745498
-744477
-743682
-743232
-742519
-742170
-741474
-740864
-740346
-740305
-739819
-739660
-739504
-738817
-738577
-738552
-737994
-737781
-737742
-737625
-737527
-737258
-737143
-736576
-735839
-735047
-735005
-734788
-734674
-734249
-733985
-732347
-731945
-731847
-730521
-729767
-729357
-729285
-729224
-728955
-728742
-728740
-728309
-725629
-724916
-724903
-723803
-722026
-721429
-721358
-720950
-719972
-719866
-718017
-717857
-717390
-716939
-716238
-716234
-716039
-716038
-715625
-715284
-714343
-714000
-713978
-713789
-713618
-712535
-710019
-709884
-709282
-709134
-709057
-708568
-707560
-707334
-706976
-706651
-706286
-705851
-705818
-704889
-704871
-704120
-704098
-703902
-703591
-703305
-703232
-702468
-701939
-701703
-701582
-699852
-698797
-697788
-696817
-696732
-696251
-695242
-694550
-693539
-693538
-693245
-692945
-692763
-691244
-690927
-690576
-689863
-689466
-688265
-688151
-687539
-687353
-686493
-686477
-686415
-685280
-685100
-683983
-683640
-682944
-682522
-681523
-681258
-680959
-680634
-679715
-679634
-679224
-678513
-678436
-676773
-675759
-675724
-675467
-674816
-674624
-674397
-674365
-672657
-672614
-672555
-672254
-671743
-669457
-669193
-668168
-667622
-667047
-666995
-666878
-666147
-665512
-665484
-665219
-665174
-664572
-664434
-664149
-663456
-662585
-662550
-662525
-662524
-662379
-662106
-662094
-661899
-661728
-661288
-660747
-660292
-660260
-660229
-659515
-659188
-658887
-658828
-658595
-658218
-658149
-657996
-656907
-656842
-656136
-655935
-655714
-655562
-654539
-654368
-653723
-653346
-652641
-652633
-652282
-651611
-651192
-650349
-649552
-649243
-648617
-647782
-647568
-646744
-646113
-646065
-646024
-645854
-645043
-644614
-644163
-643979
-643779
-642688
-642133
-641004
-639570
-639080
-638872
-638090
-637881
-637623
-637124
-634861
-634380
-634375
-634233
-633599
-633536
-633289
-633096
-633028
-630470
-629916
-629792
-629685
-629611
-628384
-628156
-628054
-627886
-627510
-627027
-625465
-624859
-623898
-623468
-621425
-621416
-621224
-621022
-621017
-620816
-620373
-620344
-620239
-620114
-619544
-619433
-619203
-619103
-618988
-618435
-617568
-617514
-616735
-615503
-615051
-614757
-614205
-613937
-613833
-613125
-612859
-612555
-612211
-611964
-611740
-611510
-611345
-609284
-609140
-607305
-607200
-606592
-606180
-605871
-605091
-604961
-604901
-604063
-603993
-603856
-603240
-602551
-602473
-602422
-601697
-600693
-600570
-600389
-600376
-599589
-599335
-599205
-599034
-598755
-598199
-598151
-598139
-596978
-596255
-595751
-595705
-595578
-595571
-595230
-594185
-594101
-593972
-592741
-592129
-591617
-591274
-590678
-590346
-590187
-589336
-589259
-589037
-588053
-587480
-587284
-587140
-587073
-586727
-586467
-586166
-585143
-584809
-583645
-582888
-582829
-582732
-582584
-581239
-581153
-580700
-580605
-580087
-579942
-579633
-579023
-578453
-577982
-577791
-577740
-577547
-576987
-576927
-576758
-576020
-575109
-574497
-574291
-574115
-573825
-572511
-572308
-571519
-571145
-570888
-570391
-569623
-568094
-567981
-567967
-567877
-566133
-565781
-565040
-564592
-564502
-564171
-563503
-563493
-563074
-560915
-560327
-559844
-558731
-558505
-558172
-557597
-556606
-556223
-555061
-554384
-554333
-554260
-553035
-552447
-551105
-550346
-549828
-547520
-547139
-546564
-546187
-545942
-545923
-545199
-544642
-544494
-544108
-544075
-542985
-541751
-541586
-541086
-539942
-539215
-539128
-538714
-538396
-537314
-536617
-536388
-534237
-533947
-533543
-533213
-532516
-531964
-531517
-531507
-531468
-531300
-531138
-529333
-529036
-528929
-528437
-527882
-526604
-526397
-525516
-524940
-524545
-524501
-524496
-523715
-523404
-522878
-521990
-519802
-519505
-519501
-519404
-519229
-519112
-518975
-518225
-517648
-517235
-517078
-516133
-515484
-514064
-513849
-512736
-511721
-511129
-511105
-510695
-509970
-509877
-509529
-509104
-508344
-507186
-506770
-506381
-504909
-504760
-504663
-504646
-504526
-504400
-504329
-503829
-503323
-502070
-501734
-501300
-501293
-501108
-501010
-500633
-500613
-500246
-499507
-499453
-498923
-498410
-496960
-495982
-494463
-494182
-492737
-492116
-492085
-491461
-491303
-490885
-489807
-489308
-488541
-488395
-487352
-486281
-486173
-485843
-485595
-484360
-483861
-482227
-481921
-480968
-480205
-479970
-479530
-479330
-479124
-478720
-478323
-478131
-477897
-476299
-475905
-475806
-473727
-473503
-473470
-473248
-473214
-473097
-472240
-472211
-472079
-471425
-470509
-469880
-469879
-469754
-469740
-469406
-469125
-468662
-467340
-467251
-467197
-467030
-466551
-466133
-465527
-465236
-464443
-464183
-463553
-462847
-462479
-461917
-461912
-461824
-461745
-461660
-460220
-459973
-459831
-458462
-458444
-457899
-457860
-457525
-457236
-457122
-457120
-456706
-455503
-455444
-455072
-454982
-454082
-453979
-452534
-452424
-451728
-451033
-451003
-450973
-450737
-450690
-450481
-449916
-449851
-449232
-448680
-448660
-448182
-447956
-447545
-447396
-446507
-446249
-446078
-445343
-445246
-445002
-444671
-443783
-442472
-440897
-439670
-438120
-437395
-436848
-436293
-436240
-436226
-433857
-433094
-433014
-432403
-431827
-431578
-431194
-431008
-429996
-429882
-428705
-427901
-427828
-426822
-426801
-426633
-426111
-425926
-425857
-425815
-425739
-425728
-425124
-424557
-424254
-424143
-423338
-423162
-422131
-422090
-420911
-420629
-419480
-419373
-419264
-418732
-418446
-418377
-416608
-413632
-413322
-412773
-411333
-411096
-410739
-410721
-409543
-409372
-408857
-408843
-408638
-407711
-407207
-406391
-405375
-405177
-403836
-402595
-402513
-401489
-400893
-400487
-399395
-399058
-398837
-398293
-397962
-396099
-394921
-394247
-393571
-393162
-392650
-390711
-390530
-389121
-388939
-388779
-388372
-387956
-387942
-387895
-387756
-385289
-383827
-383393
-383154
-383153
-383120
-382506
-382337
-381063
-380248
-380242
-379439
-379336
-378511
-378496
-377552
-377253
-377003
-376860
-376511
-376059
-374433
-373267
-373162
-371891
-371493
-371429
-370988
-370490
-369244
-367772
-367354
-366236
-366083
-365580
-365155
-364774
-364300
-363749
-363680
-363518
-363470
-363300
-362886
-362809
-362512
-362375
-362188
-362103
-361918
-361498
-361199
-360605
-360570
-359226
-359192
-358539
-358471
-357872
-357410
-355563
-355547
-354888
-354401
-353629
-353374
-352575
-352476
-352451
-352004
-351909
-351182
-350621
-350351
-349905
-348814
-348657
-347900
-347512
-346729
-346431
-345589
-343067
-341056
-340782
-340668
-340424
-340389
-337996
-337966
-337377
-337366
-337231
-336007
-334733
-334623
-334505
-334472
-334345
-332141
-331347
-330502
-330385
-329967
-329433
-329222
-329206
-329103
-329099
-328763
-328660
-328387
-328020
-327888
-327747
-327691
-327335
-327281
-326536
-325167
-324756
-324240
-324191
-324156
-323521
-323074
-322931
-322299
-321966
-321958
-321854
-320951
-320911
-320623
-320500
-319799
-319593
-318307
-318274
-316708
-316003
-315464
-314266
-313995
-313009
-312182
-311846
-311792
-311674
-311633
-311432
-311188
-311075
-310282
-309566
-308938
-308717
-308416
-308380
-308141
-306923
-306119
-306118
-306100
-305773
-304900
-304713
-302257
-302052
-301263
-300377
-300131
-299612
-298332
-297608
-297533
-295946
-295622
-295429
-295305
-295254
-295211
-294386
-294133
-293869
-293457
-293049
-292618
-292056
-291313
-290868
-290709
-290361
-289968
-289413
-288996
-288713
-288684
-288459
-288125
-287206
-287099
-286621
-286508
-285578
-285077
-284810
-284615
-284378
-282890
-282537
-282450
-282423
-282308
-282154
-281535
-281493
-279833
-278680
-278615
-278484
-278264
-278077
-276935
-276906
-276561
-276545
-276064
-275947
-275944
-275643
-275460
-275108
-274955
-273363
-273067
-272856
-272854
-272629
-272149
-271713
-270006
-269999
-269875
-269510
-268813
-268590
-268428
-268244
-267810
-267012
-265833
-264570
-263954
-263648
-263637
-262921
-262520
-262316
-261843
-261681
-261398
-260970
-260497
-260337
-259141
-258402
-257748
-257428
-257004
-255922
-255868
-255682
-253629
-253583
-253451
-253315
-252520
-252366
-251553
-250615
-249744
-249726
-247930
-247829
-247497
-247174
-247109
-247009
-246466
-246217
-244630
-243366
-243121
-241940
-241265
-237907
-237512
-235083
-234750
-234732
-234617
-234221
-233718
-233495
-233322
-233074
-232426
-231392
-230764
-230763
-230435
-230017
-229939
-229254
-229067
-228609
-227720
-227609
-226055
-224986
-224982
-224334
-223666
-223246
-223232
-223027
-222829
-222225
-222017
-221911
-221843
-221717
-221546
-221359
-220367
-219435
-219056
-218504
-218498
-218109
-218080
-216003
-214771
-214406
-214291
-214265
-214087
-214072
-213559
-213150
-212959
-212857
-212632
-212402
-212101
-211861
-211754
-211495
-211483
-211464
-210707
-210670
-209745
-209025
-208786
-208725
-208341
-208291
-208273
-208072
-208057
-207403
-207239
-207171
-206666
-206633
-206476
-206363
-206227
-205982
-205497
-205424
-204745
-204683
-203597
-203072
-201875
-201191
-201057
-200775
-200184
-200178
-199842
-198258
-198138
-198106
-196900
-194966
-194414
-192745
-192459
-191940
-191671
-191476
-191397
-191003
-190868
-190454
-190404
-189595
-189161
-188839
-188822
-188350
-187671
-187582
-187244
-186429
-186371
-186188
-184950
-184914
-184519
-183806
-183501
-183385
-182776
-181907
-181783
-181596
-181030
-179600
-179527
-177725
-175472
-175302
-174424
-174307
-173647
-173289
-173034
-172856
-172786
-171898
-170916
-170552
-170478
-170397
-169879
-169704
-169474
-168651
-168292
-168113
-167945
-167520
-167455
-165527
-163691
-163010
-160567
-160517
-159888
-159681
-159280
-158783
-157678
-156984
-156488
-155770
-155589
-155380
-154908
-153403
-153069
-152620
-151874
-151721
-151704
-151614
-151404
-151069
-150466
-149999
-149587
-149029
-148932
-148533
-148394
-148012
-147735
-147637
-146579
-146377
-145489
-144455
-143106
-142468
-139861
-139712
-139709
-139334
-139176
-139108
-138857
-137965
-136924
-135871
-135078
-134314
-133498
-132443
-131780
-131330
-131137
-130295
-129812
-129785
-129634
-129584
-128606
-128495
-127478
-127244
-126303
-125607
-125214
-124243
-123700
-123127
-122936
-121868
-121271
-121026
-120385
-119878
-119542
-119466
-117488
-117086
-116815
-116737
-116650
-116567
-116233
-115164
-114289
-113295
-113143
-113133
-113011
-111874
-111423
-111100
-110622
-110329
-110050
-110004
-109682
-109559
-109419
-108444
-106921
-106513
-105774
-105400
-105195
-104755
-104425
-103365
-103194
-102670
-102563
-101702
 -99919
 -99906
 -99891
 -99840
 -99730
 -98513
 -98104
 -97989
 -97334
 -97051
 -96852
 -96199
 -95831
 -95536
 -95438
 -95381
 -93974
 -93958
 -93830
 -93217
 -92402
 -91787
 -91765
 -91722
 -91120
 -90778
 -90639
 -90401
 -89746
 -89569
 -89299
 -88785
 -87749
 -87160
 -87121
 -86142
 -85795
 -85647
 -85235
 -85053
 -84797
 -84272
 -84122
 -82773
 -82364
 -82093
 -82083
 -81671
 -81580
 -81057
 -80657
 -80572
 -80261
 -80231
 -79942
 -79501
 -79026
 -78706
 -77878
 -77867
 -75954
 -74716
 -73152
 -72577
 -72109
 -71993
 -71232
 -69935
 -69279
 -68820
 -68464
 -68085
 -66968
 -66529
 -65437
 -65410
 -64967
 -62844
 -62734
 -62628
 -62421
 -61914
 -61808
 -61319
 -59377
 -58454
 -58272
 -57514
 -57308
 -57055
 -56748
 -55729
 -55253
 -54579
 -54190
 -54012
 -52962
 -52882
 -52240
 -49881
 -49374
 -48699
 -48643
 -48561
 -48071
 -47823
 -47693
 -47323
 -47126
 -47034
 -46738
 -46277
 -46241
 -44569
 -44503
 -44045
 -43878
 -43660
 -43437
 -42630
 -41691
 -41418
 -41116
 -40885
 -40412
 -40371
 -38929
 -38790
 -38712
 -38107
 -37953
 -37448
 -36842
 -36825
 -36651
 -36117
 -35936
 -35647
 -35046
 -34140
 -32913
 -32795
 -32402
 -31858
 -31338
 -31240
 -31194
 -30982
 -30113
 -29549
 -29053
 -28979
 -28560
 -28199
 -28073
 -27731
 -27467
 -27275
 -26158
 -25926
 -25384
 -24748
 -22663
 -22314
 -21487
 -21384
 -21209
 -20684
 -20591
 -20368
 -20347
 -18523
 -18011
 -17909
 -17535
 -17518
 -17212
 -17003
 -16086
 -15687
 -15525
 -15431
 -14648
 -14362
 -13642
 -13601
 -13159
 -12288
 -11668
 -10998
 -10676
 -10587
 -10101
  -7324
  -7080
  -6158
  -4935
  -4719
  -4507
  -4450
  -3804
  -3009
  -2820
  -2666
  -2545
  -1911
  -1512
  -1415
  -1256
   -210
    799
   1205
   1805
   3713
   3752
   4155
   5390
   5893
   6402
   6685
   9460
   9719
  10743
  11111
  11144
  11497
  12132
  12207
  13249
  13820
  13870
  13962
  13993
  14012
  14313
  14450
  15448
  16468
  16751
  16879
  17966
  19000
  19007
  19224
  19655
  20012
  20577
  21071
  21331
  21738
  22759
  23278
  23476
  23600
  24792
  26674
  27309
  27498
  28371
  28673
  28894
  28948
  29332
  30024
  30044
  30633
  30696
  31175
  31396
  31962
  32265
  32892
  33400
  33624
  33914
  34460
  36821
  36942
  38405
  39091
  39846
  41615
  42990
  43048
  43367
  43848
  44339
  44642
  44775
  45309
  46096
  47747
  47940
  50036
  50632
  51200
  51555
  52921
  54384
  54901
  56789
  56806
  57025
  57208
  57270
  57646
  57722
  58190
  58998
  59963
  59978
  60235
  60662
  61204
  61223
  61258
  61542
  62036
  62613
  62953
  63665
  63853
  64365
  64467
  64798
  65217
  65976
  67153
  67454
  68284
  70594
  70702
  70838
  71257
  71305
  71633
  73042
  73277
  73526
  74309
  74759
  75067
  76614
  76905
  77494
  77867
  78125
  78389
  78765
  79503
  79755
  79912
  79922
  80208
  80712
  81039
  81729
  81802
  82545
  85168
  85505
  86238
  88220
  89122
  89762
  90206
  90286
  90367
  90864
  91900
  92294
  93641
  93730
  95223
  95460
  96053
  96514
  97201
  99179
  99214
  99424
 100019
 100142
 101207
 101415
 101801
 102526
 103790
 105702
 105729
 106738
 107536
 107540
 107574
 108160
 108295
 108607
 109057
 109608
 109677
 110116
 111411
 111582
 111610
 111650
 112267
 112319
 112321
 112488
 112602
 113503
 113632
 115670
 116801
 116936
 116961
 117373
 117419
 117522
 117583
 117730
 118164
 118376
 119494
 120038
 120516
 121291
 121702
 121777
 121944
 122439
 122508
 122580
 123158
 123414
 124035
 124076
 124150
 124833
 124931
 125053
 125547
 126179
 126403
 126965
 127369
 127896
 128780
 129509
 129612
 129696
 129742
 129801
 129944
 131243
 131455
 131459
 131781
 132590
 132875
 133485
 133913
 134316
 134845
 135509
 135543
 135568
 136603
 137429
 137737
 137930
 138245
 139202
 141281
 141440
 141664
 142582
 142969
 144380
 144397
 144949
 145021
 145623
 145966
 146366
 146412
 147132
 147811
 148332
 149020
 149318
 149488
 150108
 150442
 151363
 152184
 152771
 153105
 154070
 154940
 155091
 155570
 155748
 156425
 157230
 157851
 157976
 158067
 158597
 158641
 158953
 161690
 162281
 162541
 162767
 162829
 162945
 163608
 164076
 164411
 165137
 165187
 165494
 165772
 165980
 166061
 166245
 166391
 167458
 167493
 167838
 167899
 168100
 168571
 168729
 168984
 169101
 170341
 170443
 170476
 171085
 171136
 171971
 172329
 173107
 174035
 174716
 175220
 175359
 175744
 176371
 176599
 176766
 177456
 178496
 181170
 181275
 181499
 182127
 182722
 183971
 184324
 184906
 186262
 186284
 187200
 187585
 187646
 188370
 188579
 190151
 190249
 190869
 192213
 192333
 192348
 192459
 192817
 192881
 194305
 195000
 195589
 195591
 195783
 195816
 196174
 196203
 197516
 197895
 198268
 198983
 199235
 199524
 201601
 202189
 202927
 203473
 204006
 204152
 205241
 205562
 206790
 207966
 207982
 208173
 208404
 208783
 208980
 209203
 209287
 209311
 211115
 211244
 211812
 212557
 212707
 212733
 214034
 214214
 216210
 216229
 217170
 217860
 218510
 218855
 219568
 219956
 220302
 220463
 220755
 221096
 221165
 221304
 221729
 221993
 224209
 224490
 224677
 225022
 225955
 226070
 226108
 226626
 227123
 227126
 227189
 228453
 229841
 230039
 230732
 230862
 231176
 231810
 232112
 232147
 232364
 232365
 233357
 234311
 235242
 235287
 235431
 235657
 237135
 237400
 238753
 238857
 240984
 241274
 242801
 244425
 244991
 245058
 245228
 245583
 247311
 247345
 247711
 247926
 248590
 249706
 250472
 251171
 251183
 251222
 252687
 253595
 254105
 254169
 254285
 254306
 254760
 255669
 255955
 256135
 256178
 256271
 256694
 256866
 257153
 257176
 258555
 258760
 259322
 259373
 260262
 260607
 260719
 261049
 261263
 261424
 262099
 262165
 262653
 263656
 264457
 265264
 265418
 266751
 266801
 268094
 268365
 268512
 268583
 268992
 269146
 269374
 269468
 269660
 271073
 272465
 273452
 273535
 273789
 274109
 274276
 274546
 274888
 276241
 276450
 277263
 277801
 277952
 278841
 279142
 279751
 280180
 280581
 280615
 281180
 281954
 284068
 284680
 284966
 285079
 285786
 286767
 287381
 288067
 288658
 288768
 290466
 290567
 290661
 290828
 291309
 291670
 293740
 293944
 294023
 294449
 294760
 294855
 295092
 296906
 297162
 297175
 297205
 297510
 297920
 298015
 299160
 299563
 299941
 301119
 301472
 302805
 302939
 302984
 303635
 306458
 306461
 306594
 307233
 307885
 309272
 309422
 309723
 309789
 310107
 310598
 311192
 311469
 312107
 312496
 312570
 313804
 314063
 314459
 314844
 316710
 317172
 317427
 317625
 318357
 318410
 318528
 319017
 319153
 319508
 320032
 320033
 321235
 321581
 321784
 322385
 322698
 323966
 324110
 324123
 325187
 325398
 326487
 326921
 326978
 327228
 327438
 328055
 328094
 328596
 329109
 330345
 330742
 330747
 331339
 331449
 331758
 331971
 332268
 332271
 332891
 335376
 335604
 336445
 336542
 336575
 336717
 336829
 337643
 337824
 337879
 338401
 338489
 339286
 339615
 341017
 341080
 341147
 341341
 341603
 341664
 341795
 341808
 343239
 343525
 343548
 343980
 344513
 344681
 345179
 346898
 346970
 347184
 347293
 347767
 347984
 348922
 349009
 349409
 351224
 351324
 351747
 351761
 352042
 352270
 352879
 353040
 353730
 354463
 355893
 356692
 357470
 358959
 359022
 359084
 359266
 359282
 359590
 359631
 361258
 361504
 361578
 362988
 365747
 365767
 365817
 366386
 368095
 368406
 369412
 369421
 370450
 370475
 370716
 372320
 372505
 372550
 372622
 372919
 372981
 373581
 373669
 374249
 374492
 375252
 375327
 376329
 376548
 377819
 378420
 378731
 379079
 379790
 380277
 380487
 380932
 381175
 381581
 382087
 382092
 382755
 382874
 383518
 384488
 384519
 384623
 384953
 385529
 385644
 385696
 386966
 387966
 387970
 388158
 388789
 389612
 389739
 389900
 391271
 391842
 392590
 392983
 393021
 394255
 394414
 394461
 394661
 394956
 396404
 396574
 396771
 396813
 397176
 397240
 397791
 398506
 399179
 399623
 399811
 400440
 401077
 401283
 402262
 403009
 403294
 404002
 404633
 404662
 404931
 404987
 405057
 405068
 405375
 405503
 405831
 406716
 407003
 408165
 408168
 408421
 409354
 409771
 410799
 413574
 413947
 414079
 414421
 414861
 415222
 415281
 415524
 416553
 417209
 417514
 417708
 418216
 419552
 419852
 420658
 420663
 421163
 421763
 422306
 422316
 422476
 422837
 423384
 425005
 425449
 426061
 426130
 428060
 428149
 428509
 428853
 428961
 429194
 429475
 431664
 431953
 432767
 432799
 433430
 434126
 434153
 434296
 434340
 435056
 436081
 436204
 436698
 437720
 438275
 439667
 439756
 440030
 440126
 440383
 441072
 441462
 442156
 442841
 443229
 443277
 443746
 444271
 444997
 445015
 445503
 445612
 445749
 447761
 448368
 448891
 449088
 449152
 450049
 450304
 451074
 451552
 451727
 451778
 452478
 452813
 453301
 453501
 453637
 454319
 454379
 454400
 455636
 455767
 456114
 456458
 457058
 457512
 458005
 458247
 458679
 458767
 459116
 460009
 460742
 460776
 460850
 460972
 461105
 461296
 462364
 462527
 462622
 463168
 463243
 463650
 464055
 464346
 464647
 465256
 465908
 466030
 466626
 467976
 468508
 468587
 468958
 469027
 469537
 469680
 469700
 469772
 470539
 472404
 473795
 474337
 474497
 476480
 476969
 477127
 477393
 477688
 477766
 478221
 478590
 478744
 479198
 480078
 480159
 480764
 481771
 481885
 482639
 482843
 483856
 484194
 484196
 484440
 485202
 485989
 486913
 487171
 488067
 488602
 488792
 489031
 489032
 489545
 490502
 490537
 490819
 491077
 491511
 491843
 491892
 492487
 492657
 493510
 493517
 493615
 493971
 494354
 494393
 494741
 495093
 496027
 496070
 497103
 497950
 498846
 498960
 500720
 501973
 502059
 502483
 502904
 503251
 503344
 503862
 503981
 504232
 504369
 504922
 505325
 505334
 505465
 505594
 505657
 505884
 505987
 506062
 506426
 507060
 507731
 508248
 508681
 508713
 508884
 508901
 508991
 510439
 511304
 513043
 513162
 513364
 513381
 513680
 515547
 516396
 516811
 518631
 519324
 519485
 519572
 519784
 520221
 520333
 521278
 522055
 522162
 522552
 522581
 522614
 523029
 523161
 523737
 523818
 524595
 524705
 524844
 525192
 525250
 525921
 526507
 526797
 526838
 527037
 527876
 528724
 528749
 529479
 529561
 529605
 529882
 531013
 531065
 533184
 534350
 535755
 535803
 536301
 537028
 537219
 537502
 537569
 537990
 538061
 538306
 540991
 541570
 541841
 542265
 542512
 542534
 543895
 544295
 545183
 545832
 545938
 546206
 546508
 546688
 548234
 548949
 549428
 549829
 550487
 551026
 551507
 551724
 553947
 554045
 554765
 554793
 555231
 555361
 555402
 556428
 556454
 557119
 557736
 557902
 557979
 558697
 559086
 559533
 559607
 560447
 560791
 560932
 561422
 562194
 562778
 563006
 563805
 564482
 565015
 565601
 565990
 568057
 568155
 568849
 570120
 570404
 570656
 571089
 571955
 572322
 573067
 574164
 574463
 574969
 576409
 576866
 577018
 577739
 577812
 577958
 578474
 578933
 579131
 579193
 580105
 580471
 581221
 581514
 582217
 583947
 584000
 584334
 584822
 587493
 587800
 587884
 588051
 588070
 588507
 588629
 588640
 588778
 589805
 590956
 592222
 592444
 592597
 593455
 594157
 594416
 595061
 595384
 595432
 595510
 596682
 598419
 598470
 599834
 600291
 601030
 601463
 601538
 601743
 602017
 603788
 603847
 603957
 604213
 604242
 604362
 604442
 604948
 605153
 605249
 605926
 606412
 606590
 607762
 608233
 608824
 609317
 609580
 609779
 610017
 610365
 610693
 612019
 612036
 613510
 613530
 613568
 613840
 614036
 614408
 615087
 615166
 615738
 616425
 616436
 617410
 617616
 617844
 618396
 618521
 618544
 618929
 619304
 620306
 622873
 624425
 624935
 625164
 626242
 626403
 626428
 626686
 628992
 629098
 629152
 630364
 631747
 632513
 632683
 633233
 633646
 633873
 634212
 634390
 634449
 634661
 634774
 635225
 636293
 637484
 637846
 640041
 640476
 642236
 642240
 642376
 642492
 642530
 642681
 643976
 644106
 644166
 644604
 645453
 647050
 647075
 647647
 648957
 649080
 649230
 649852
 650089
 650357
 651580
 652239
 653235
 653472
 654209
 654762
 654765
 655522
 656232
 657162
 657567
 657739
 657779
 658712
 659835
 660210
 660288
 660350
 660398
 660485
 660501
 660726
 661441
 662549
 663024
 663988
 665382
 665551
 665642
 666250
 666783
 669176
 669392
 669548
 669789
 669843
 669920
 670172
 671459
 672291
 672942
 673486
 673832
 674172
 674207
 674740
 675493
 675838
 677049
 677399
 678231
 679658
 679981
 680389
 680974
 681232
 681633
 681814
 682132
 682222
 682635
 683751
 684631
 684676
 684817
 685489
 685537
 685800
 686904
 687592
 688173
 688174
 690051
 690610
 690752
 690922
 690980
 691051
 691387
 691455
 691654
 691918
 692338
 693713
 694324
 694438
 694855
 695411
 696033
 696201
 696516
 696727
 697277
 697389
 697511
 697738
 698847
 699096
 699528
 699621
 700086
 700452
 700482
 701138
 701266
 701364
 701411
 701580
 702141
 702970
 703205
 704170
 704823
 704949
 705168
 705601
 706118
 707071
 707682
 707914
 709829
 710499
 711423
 711464
 711522
 712083
 712376
 713146
 714442
 714638
 715065
 716080
 716557
 716626
 716827
 717477
 718358
 719281
 719307
 719321
 720223
 720266
 720384
 720437
 720722
 721605
 721883
 722117
 722678
 722723
 723704
 724285
 724849
 725749
 725803
 727345
 727933
 728773
 730200
 730353
 730702
 731276
 731419
 731420
 731506
 731518
 731872
 732644
 733804
 734677
 734785
 734985
 735287
 735416
 735774
 736047
 736459
 736817
 736897
 737573
 738211
 738608
 738980
 739257
 739837
 740327
 740630
 741158
 741350
 742267
 742477
 742870
 742963
 743168
 744056
 744222
 745942
 746326
 746786
 747015
 748165
 749240
 749655
 750319
 750930
 750957
 751400
 751550
 752211
 752524
 753413
 753577
 753618
 753946
 754357
 754493
 755911
 756239
 756379
 756495
 757508
 757517
 758024
 758245
 759089
 759604
 759875
 760631
 761178
 761237
 761310
 762316
 762634
 763345
 763963
 764995
 765117
 766177
 766244
 767071
 767306
 767471
 767907
 768806
 769445
 770310
 770738
 771274
 771521
 771554
 772025
 772304
 772717
 772772
 772977
 774168
 774531
 774577
 774727
 774953
 775201
 776861
 776999
 777031
 778258
 778990
 780049
 780168
 780473
 782096
 782227
 782273
 783037
 783052
 783525
 783842
 784074
 784440
 785184
 785726
 785939
 786296
 786308
 787233
 787492
 787832
 788329
 788539
 788582
 788979
 789045
 790038
 790745
 791015
 791226
 791462
 791849
 792646
 792814
 793553
 793931
 794602
 794652
 794753
 795098
 795126
 795133
 795353
 795588
 795746
 795863
 796101
 796319
 796782
 796831
 797471
 797654
 798058
 799037
 799752
 799871
 800043
 800198
 800247
 800436
 801232
 801881
 801917
 802520
 803467
 803767
 804089
 804369
 804852
 805320
 805999
 806357
 806505
 807148
 807269
 807441
 808478
 809268
 809497
 809672
 809675
 810459
 811036
 811587
 812208
 813743
 814620
 814934
 816096
 816725
 817201
 817764
 818393
 819069
 819649
 819816
 820376
 820546
 820551
 821283
 821412
 821894
 822059
 822293
 823021
 823044
 824230
 824244
 824320
 824349
 824666
 824776
 824838
 824857
 826193
 827615
 828423
 829143
 830556
 830756
 830902
 831930
 833206
 833515
 833713
 834034
 834955
 835064
 835297
 835486
 835646
 835762
 836049
 836607
 836986
 838025
 838126
 838310
 838482
 838535
 839425
 840762
 841298
 841617
 842745
 843587
 844035
 844052
 844515
 845172
 845902
 847497
 847702
 848040
 848349
 848675
 848956
 849100
 849248
 849694
 850996
 852363
 852979
 853143
 853624
 853674
 853787
 853802
 855430
 855498
 856126
 856172
 856379
 857710
 857928
 858015
 858684
 859462
 860953
 861513
 862546
 862729
 862759
 862947
 863294
 863852
 864355
 864545
 865574
 865736
 865856
 866155
 866805
 866819
 867070
 867425
 867724
 867760
 868234
 868632
 868633
 869242
 869514
 869748
 870014
 870161
 871904
 872209
 872384
 872413
 872728
 873852
 874009
 874054
 874093
 874436
 875219
 875491
 875955
 876078
 876410
 876435
 876618
 876802
 878289
 878883
 879117
 880226
 880730
 881015
 881087
 881706
 883016
 884702
 884806
 884840
 884937
 885523
 885580
 885585
 886416
 886547
 886878
 888131
 888769
 888877
 889528
 890709
 891519
 891964
 892346
 892912
 893174
 893672
 894576
 894592
 895570
 895983
 896187
 896611
 898547
 898582
 898999
 899052
 899267
 900557
 900675
 900929
 901574
 902555
 903137
 904890
 904982
 905530
 905972
 906191
 906634
 906680
 907006
 907170
 908161
 909029
 909570
 910215
 910297
 910526
 910808
 911027
 911562
 911682
 912225
 913237
 915204
 915220
 915640
 916031
 916493
 916750
 917474
 917652
 918439
 918540
 919013
 919553
 920291
 920328
 920543
 920865
 921561
 921901
 924127
 924561
 925113
 926349
 926542
 926595
 927161
 927391
 927893
 928890
 930597
 930836
 931210
 931553
 931814
 932155
 934278
 934413
 934460
 936035
 936339
 936374
 936398
 936925
 937044
 937300
 937342
 937894
 938275
 938988
 939669
 939856
 940620
 940721
 940767
 941132
 941196
 941450
 941481
 943562
 944147
 944151
 944779
 945319
 946174
 946696
 948214
 949397
 949447
 949796
 950315
 951535
 951707
 952140
 952835
 953723
 954139
 954160
 954267
 955297
 956148
 957205
 957227
 957635
 959007
 959133
 959216
 960249
 960511
 961393
 961734
 962290
 963512
 963592
 963744
 963881
 965105
 965213
 965408
 966248
 967286
 967991
 968127
 968590
 968682
 968998
 970156
 970696
 971211
 971288
 973069
 973829
 973847
 974134
 974801
 974809
 975227
 976845
 978366
 978383
 978811
 979497
 980111
 980370
 980970
 981661
 981802
 982455
 982460
 982505
 982827
 983621
 984306
 985141
 986501
 986514
 986707
 987322
 989718
 989750
 989775
 989951
 990146
 990436
 992009
 992315
 992407
 992790
 993914
 994005
 994318
 994747
 995100
 998260
 998270
 998473
 999372
