-998166
-996360
-996154
-995703
-995238
-995066
-994740
-992987
-987905
-983833
-980069
-979884
-977640
-974048
-973906
-970557
-968928
-967768
-965512
-963727
-962741
-957420
-957331
-951626
-951004
-948879
-946477
-946257
-946036
-944917
-944626
-942537
-937783
-936854
-936733
-935652
-935044
-933803
-932391
-930317
-927326
-923132
-922943
-922841
-922602
-920065
-915079
-914042
-912832
-911790
-911536
-908450
-902746
-902553
-900680
-898893
-898727
-894253
-893313
-892930
-889860
-887957
-887534
-886234
-885732
-878838
-877264
-876765
-870617
-865279
-862390
-860684
-860224
-859625
-859289
-858766
-856265
-854881
-852597
-851367
-849510
-847432
-847079
-845554
-844854
-841635
-841365
-839699
-838348
-836793
-835676
-832957
-832555
-830346
-823446
-818759
-812820
-812737
-812044
-810902
-809296
-804914
-804778
-804548
-804297
-801226
-798573
-796763
-795259
-795078
-793873
-793788
-792106
-787514
-787207
-783640
-782961
-782894
-782888
-782042
-781897
-781838
-774826
-770946
-770447
-769033
-768774
-768080
-766164
-762852
-762747
-760131
-754924
-753357
-752843
-747859
-747081
-745498
-743232
-741474
-740864
-740346
-739504
-738817
-737258
-737143
-734249
-731945
-730521
-729767
-724916
-723803
-722026
-717857
-716939
-716238
-714343
-713618
-712535
-708568
-707560
-706976
-703305
-692763
-691244
-687353
-686477
-683640
-678513
-676773
-674624
-668168
-667047
-665512
-664149
-658828
-656907
-655935
-653723
-652633
-651611
-649243
-648617
-646744
-646113
-646024
-643979
-634375
-634233
-633289
-629916
-629685
-628156
-628054
-627027
-625465
-624859
-623898
-623468
-621224
-618988
-614205
-609284
-607305
-604961
-602473
-600693
-600389
-600376
-599335
-596978
-596255
-595578
-594101
-593972
-592129
-590678
-586727
-580087
-578453
-577791
-576758
-574291
-572511
-572308
-571519
-571145
-565040
-563503
-563074
-558731
-556223
-554384
-554333
-547520
-547139
-545923
-544108
-544075
-538714
-537314
-531517
-531138
-529036
-525516
-517648
-514064
-509104
-504909
-504646
-504329
-503829
-503323
-499507
-498923
-494182
-492085
-491303
-488395
-485843
-484360
-481921
-479330
-475905
-473727
-471425
-470509
-469880
-469754
-469740
-469125
-464183
-461917
-461824
-460220
-458444
-457525
-456706
-455503
-449851
-447956
-445002
-442472
-436848
-433014
-432403
-428705
-427901
-426822
-425926
-425815
-425739
-425124
-424557
-420629
-419480
-419373
-416608
-409543
-403836
-397962
-393162
-389121
-388939
-383827
-383120
-381063
-377552
-376511
-373267
-365580
-363749
-363300
-362886
-362188
-361918
-360570
-353629
-353374
-352451
-347900
-345589
-340389
-337996
-337377
-337231
-336007
-334505
-329206
-329103
-328763
-328020
-327691
-324240
-323521
-322299
-321958
-321854
-320623
-319799
-319593
-315464
-313995
-311674
-311188
-308416
-298332
-295622
-293457
-292618
-292056
-288684
-287099
-286508
-281535
-281493
-279833
-278615
-276906
-275460
-275108
-274955
-269875
-268590
-268428
-265833
-262316
-255682
-253629
-252520
-252366
-247829
-247109
-247009
-243121
-235083
-234617
-233322
-229939
-227720
-227609
-224986
-224982
-224334
-223666
-222225
-214291
-212959
-212857
-211861
-211495
-211464
-210707
-208341
-207239
-206363
-205982
-200178
-199842
-191940
-191476
-191003
-190454
-189595
-186429
-186188
-184519
-183806
-182776
-179527
-177725
-175302
-174307
-172856
-171898
-168651
-159280
-157678
-151704
-151404
-149999
-148533
-145489
-144455
-139712
-139176
-139108
-135078
-129634
-128606
-127244
-119878
-117086
-113011
-111100
-110004
-109559
-108444
-105195
-102563
 -99730
 -98513
 -97334
 -95438
 -90639
 -89569
 -89299
 -87160
 -87121
 -84797
 -82093
 -82083
 -81671
 -80657
 -80572
 -80231
 -79501
 -77867
 -74716
 -72109
 -71993
 -68820
 -68085
 -62421
 -58272
 -57055
 -56748
 -54579
 -48071
 -47693
 -46738
 -46241
 -40371
 -38107
 -36842
 -36651
 -36117
 -35046
 -34140
 -32795
 -31858
 -30113
 -29053
 -28560
 -28199
 -18011
 -17212
 -17003
 -16086
 -12288
 -10101
  -3804
    799
   3713
   3752
  13249
  13820
  13962
  13993
  14012
  19000
  19224
  19655
  21331
  21738
  23476
  23600
  24792
  27309
  27498
  28894
  29332
  30024
  31175
  34460
  36942
  39091
  41615
  43048
  43367
  44642
  44775
  50036
  52921
  54901
  57270
  57722
  59963
  61204
  61223
  61542
  62036
  62953
  63665
  64798
  74759
  77867
  79503
  79912
  80208
  85168
  90864
  99424
 101415
 102526
 109057
 109608
 110116
 111411
 112319
 113632
 116961
 117522
 119494
 122580
 123414
 126179
 126403
 127369
 128780
 129509
 129696
 129801
 132590
 132875
 133913
 134845
 136603
 137429
 138245
 144380
 145021
 148332
 149020
 149488
 155091
 157230
 157851
 158067
 158597
 162767
 162829
 162945
 163608
 164076
 165187
 165980
 166391
 167493
 167838
 168729
 171085
 175220
 182127
 186262
 187200
 190249
 192333
 192459
 192881
 195591
 205241
 205562
 207982
 211115
 211244
 221096
 224490
 225022
 227126
 228453
 235431
 237135
 240984
 247311
 250472
 251183
 252687
 254169
 254285
 254306
 256135
 256271
 259322
 260607
 261049
 268094
 268512
 273535
 274276
 277263
 277801
 279751
 280581
 285786
 287381
 290466
 290661
 294023
 294760
 296906
 297510
 297920
 299160
 301119
 302939
 309422
 309723
 312107
 314459
 314844
 317172
 317427
 320032
 320033
 324110
 325398
 327228
 330345
 331339
 331758
 332271
 337879
 338489
 341795
 341808
 343548
 344513
 344681
 347184
 351224
 351747
 353040
 357470
 361258
 365767
 365817
 369421
 370450
 372320
 372622
 373581
 373669
 374249
 375327
 376329
 379079
 381175
 382087
 385644
 388789
 392983
 394414
 394661
 397791
 399179
 402262
 404633
 405503
 407003
 408165
 410799
 413574
 415281
 416553
 417514
 418216
 426130
 428961
 429475
 433430
 434126
 434153
 435056
 436204
 436698
 440030
 442156
 444997
 445749
 447761
 449152
 451074
 451727
 453301
 456458
 458679
 460009
 460776
 461296
 462527
 462622
 465256
 466030
 469027
 474337
 478221
 478744
 480764
 482843
 485202
 486913
 491077
 495093
 498846
 498960
 500720
 502483
 503981
 505594
 505657
 506426
 507060
 508681
 508884
 508901
 519784
 521278
 522552
 522581
 523029
 525192
 525250
 527037
 528724
 533184
 534350
 537219
 537990
 540991
 541570
 545938
 548234
 550487
 551724
 554045
 555231
 555361
 556428
 557902
 557979
 559533
 560932
 565601
 568155
 570656
 577958
 581514
 584000
 588070
 588629
 588778
 592222
 595432
 600291
 601743
 603847
 603957
 604242
 604362
 606412
 608824
 609580
 610017
 610693
 612036
 613568
 616425
 617616
 618544
 624935
 626428
 626686
 629152
 633233
 634774
 635225
 640041
 642240
 642376
 642530
 645453
 655522
 657567
 658712
 660350
 660726
 665382
 665551
 669548
 673832
 679658
 681232
 682635
 684676
 686904
 688173
 690752
 691455
 691654
 694324
 696033
 696201
 697277
 699096
 700452
 701364
 711423
 711522
 714442
 715065
 716626
 719281
 719321
 727345
 730353
 731506
 732644
 736897
 738608
 742963
 745942
 746326
 746786
 748165
 750319
 751400
 752524
 753946
 754493
 756239
 757517
 758024
 759875
 763345
 766177
 766244
 772772
 772977
 774168
 774953
 777031
 780168
 783842
 785184
 787492
 788979
 791015
 791226
 791462
 791849
 792814
 793931
 795126
 795133
 795353
 795588
 796319
 796831
 799037
 800247
 801881
 801917
 802520
 808478
 809497
 816725
 822059
 823044
 824349
 833713
 834955
 835064
 835297
 836049
 838535
 839425
 841298
 843587
 848349
 848956
 849248
 853802
 855430
 857710
 857928
 858015
 859462
 864355
 866805
 866819
 867724
 868234
 869514
 870014
 870161
 872209
 875219
 880226
 884840
 884937
 885580
 888131
 888769
 890709
 892346
 893174
 898582
 899052
 899267
 904890
 906191
 907006
 907170
 910215
 911027
 911562
 911682
 912225
 915640
 916493
 917652
 918540
 919553
 920543
 925113
 926542
 927391
 930836
 931814
 932155
 936035
 936398
 937300
 954160
 954267
 955297
 957227
 957635
 960511
 961734
 963744
 965213
 967991
 968127
 968590
 971211
 973069
 980111
 980970
 982455
 982460
 982505
 982827
 987322
 990436
 992315
 992407
 994005
 998473
