-999639
-999218
-999100
-999021
-999018
-998477
-998337
-998274
-998166
-998111
-997854
-997719
-997670
-997661
-997539
-997310
-996906
-996609
-996360
-996309
-996211
-996154
-996146
-995913
-995757
-995703
-995326
-995277
-995238
-995066
-994943
-994788
-994740
-994369
-993661
-993379
-993211
-993208
-993085
-992987
-992635
-992163
-991817
-991721
-991019
-990736
-990556
-990548
-989948
-989805
-989667
-989548
-989404
-989071
-988858
-988784
-988193
-988121
-987995
-987905
-987151
-987062
-986930
-986700
-986676
-986233
-985568
-985348
-985337
-985210
-984811
-984725
-984624
-984428
-984019
-983988
-983953
-983833
-983790
-983669
-982432
-982211
-982086
-981991
-981683
-981216
-981150
-980712
-980530
-980508
-980242
-980191
-980126
-980069
-979884
-979871
-979167
-978868
-978752
-978344
-978198
-977899
-977681
-977640
-976883
-976269
-976198
-976055
-975419
-975161
-974831
-974048
-973906
-973655
-973490
-973316
-973216
-973168
-972881
-972754
-972304
-972302
-972247
-971863
-971862
-971713
-971507
-970557
-970260
-969984
-969571
-969484
-969385
-969287
-968965
-968928
-968880
-968542
-968384
-968372
-968131
-967768
-967433
-967302
-967199
-967123
-966799
-966745
-966707
-966403
-966283
-966021
-965575
-965512
-965255
-964690
-964096
-963787
-963741
-963727
-963645
-963554
-963411
-963233
-962741
-962738
-962729
-962445
-962048
-961662
-961407
-961324
-961198
-960978
-960882
-960458
-960369
-960294
-959478
-959131
-958976
-958906
-958822
-958440
-958339
-958171
-958071
-957884
-957532
-957420
-957331
-957131
-956807
-956649
-956532
-955747
-955308
-954653
-954650
-954519
-954098
-953974
-953758
-953711
-953115
-953077
-953017
-952601
-952583
-951626
-951298
-951004
-950985
-950340
-949794
-949578
-949507
-949291
-949138
-949074
-948879
-948296
-948206
-947951
-947668
-947576
-947503
-946892
-946841
-946815
-946771
-946695
-946683
-946477
-946307
-946257
-946036
-945638
-945400
-945073
-944937
-944917
-944626
-944254
-944123
-944107
-944046
-943906
-943518
-942964
-942713
-942700
-942601
-942537
-941432
-940454
-940342
-940266
-939603
-939523
-939176
-938988
-938480
-938113
-937783
-937632
-936854
-936786
-936733
-936082
-935811
-935652
-935044
-934823
-934593
-934514
-934236
-933803
-933551
-933447
-932515
-932391
-931340
-931156
-931081
-931079
-930998
-930738
-930462
-930429
-930317
-930026
-929673
-929267
-928922
-928816
-928549
-927405
-927326
-927226
-926986
-926927
-926856
-926797
-926428
-926172
-926081
-925822
-925819
-925813
-925644
-925443
-924435
-924177
-924167
-923980
-923879
-923676
-923132
-923003
-922943
-922865
-922841
-922602
-922430
-922074
-922016
-921608
-921403
-921380
-920963
-920592
-920469
-920065
-919911
-919701
-919398
-919369
-918425
-918386
-918328
-918315
-916756
-915862
-915775
-915079
-914237
-914151
-914042
-913774
-913285
-912832
-912677
-912653
-912534
-912282
-911844
-911790
-911622
-911591
-911536
-910973
-910736
-909698
-909548
-909204
-908951
-908838
-908679
-908450
-908435
-907838
-907382
-907367
-907104
-906868
-906511
-906483
-906393
-906046
-905827
-905667
-905599
-904906
-904692
-904635
-904318
-903881
-903829
-903393
-903016
-902877
-902746
-902553
-902335
-902228
-902183
-901987
-901827
-901253
-901146
-900876
-900680
-900678
-900052
-900038
-899711
-899486
-899264
-898893
-898828
-898727
-898443
-898193
-898132
-897904
-897684
-897388
-897296
-896889
-896570
-896433
-896398
-896160
-896146
-896127
-895630
-895515
-894869
-894345
-894253
-894010
-893768
-893535
-893313
-893240
-893110
-893016
-892930
-892473
-891493
-891424
-891232
-891051
-890909
-890800
-890713
-890683
-890499
-890110
-889860
-889297
-889201
-888246
-888055
-887957
-887956
-887628
-887534
-887454
-887444
-886801
-886472
-886234
-885924
-885849
-885830
-885771
-885732
-885616
-885552
-885068
-884617
-884515
-884178
-883886
-883506
-883240
-882933
-882886
-882876
-882788
-882180
-881825
-881708
-880656
-880501
-880381
-879920
-879459
-879448
-878890
-878838
-878793
-878134
-877951
-877743
-877525
-877434
-877264
-876834
-876793
-876765
-876675
-876607
-876419
-875720
-875381
-874847
-874655
-874541
-874496
-874467
-874030
-873761
-873653
-873616
-872825
-872088
-871947
-871708
-871480
-871467
-871375
-871206
-871075
-870617
-870562
-869718
-869259
-869202
-869094
-868920
-868729
-867408
-867337
-867136
-866903
-866667
-866444
-866046
-865997
-865958
-865279
-864468
-863416
-862919
-862801
-862787
-862593
-862390
-862303
-862223
-861371
-861348
-860945
-860684
-860463
-860377
-860224
-860215
-859743
-859625
-859623
-859549
-859348
-859289
-859197
-859028
-859012
-858978
-858766
-858497
-858486
-858215
-857957
-857939
-857783
-857586
-856859
-856400
-856265
-856058
-856016
-855959
-855796
-855663
-855640
-855532
-855415
-855199
-854999
-854881
-853849
-853351
-853053
-852597
-852370
-852100
-851587
-851520
-851472
-851367
-849851
-849630
-849510
-848668
-848259
-847874
-847716
-847432
-847334
-847079
-846490
-846463
-846200
-846063
-845554
-845504
-845217
-845171
-845080
-844973
-844963
-844903
-844854
-844510
-843885
-843402
-843256
-843249
-842007
-841991
-841635
-841365
-841301
-840903
-840816
-840749
-840739
-839828
-839703
-839699
-839602
-839435
-839179
-838827
-838705
-838348
-837203
-836793
-836470
-836219
-836078
-836037
-835875
-835676
-835410
-835106
-834730
-834490
-834260
-834167
-834058
-833601
-833586
-833513
-833271
-833145
-832957
-832579
-832555
-831801
-831688
-831149
-830896
-830673
-830605
-830346
-829955
-829816
-829626
-829567
-829424
-829302
-829299
-828957
-828429
-828365
-828229
-827611
-827593
-827361
-826702
-826542
-826308
-825945
-825863
-825588
-825571
-825106
-824891
-824567
-824506
-823825
-823446
-822378
-821947
-821392
-821152
-821094
-820896
-820745
-820628
-819996
-819965
-819909
-819844
-819534
-818759
-818681
-818655
-818588
-818530
-818299
-818112
-817932
-817706
-817611
-816633
-816417
-816181
-816021
-815706
-815633
-815568
-815375
-815312
-815303
-814766
-814609
-814506
-814488
-814318
-813933
-813565
-813060
-812820
-812737
-812709
-812481
-812212
-812044
-811709
-811413
-810902
-809886
-809774
-809668
-809318
-809296
-808729
-808453
-807812
-807642
-805877
-805087
-805060
-805026
-804914
-804798
-804778
-804570
-804548
-804297
-804182
-803570
-803314
-802691
-802272
-802153
-801729
-801473
-801226
-801127
-800854
-800756
-800054
-799810
-799639
-799615
-798929
-798588
-798573
-797899
-797370
-797236
-797092
-796899
-796813
-796763
-796701
-796559
-796411
-796379
-796362
-796345
-796322
-795408
-795351
-795259
-795191
-795078
-794726
-794500
-794398
-794313
-794265
-794147
-794034
-793873
-793788
-793684
-793213
-792106
-791627
-791586
-790914
-790888
-790834
-790823
-790656
-790241
-790174
-789926
-789755
-789613
-789251
-789213
-788860
-788606
-788350
-788007
-787618
-787514
-787229
-787215
-787207
-786433
-786247
-786116
-785609
-785287
-784901
-784701
-784695
-784477
-784386
-784348
-784235
-783640
-783507
-783424
-783021
-782978
-782961
-782894
-782888
-782657
-782459
-782367
-782042
-781897
-781838
-781831
-781550
-781136
-780251
-780175
-780143
-780090
-779223
-778594
-778282
-778074
-778030
-778012
-777967
-777895
-777585
-777126
-776447
-775822
-775437
-774826
-774711
-774536
-774526
-773083
-772669
-772042
-771420
-770946
-770622
-770447
-770412
-770243
-770110
-769860
-769704
-769687
-769449
-769033
-768916
-768828
-768774
-768603
-768508
-768080
-767626
-767331
-767084
-766285
-766164
-766106
-765751
-765638
-765148
-764799
-764734
-764290
-764159
-763553
-763293
-763162
-763066
-762852
-762747
-762582
-761965
-761812
-761459
-761430
-761089
-761002
-760292
-760261
-760131
-759441
-759181
-758952
-758271
-758229
-758205
-758145
-758074
-757927
-757619
-756505
-756490
-756411
-756082
-756070
-755683
-755547
-755266
-755225
-755182
-755031
-754924
-754841
-754755
-754721
-754463
-754415
-754241
-754223
-754075
-753708
-753493
-753470
-753357
-753294
-753292
-753241
-753223
-753013
-752843
-752031
-751877
-751594
-751402
-751070
-750827
-750793
-750765
-750237
-750186
-749962
-749887
-749729
-749500
-748785
-748618
-748532
-748461
-748366
-748192
-748045
-747859
-747333
-747204
-747081
-746595
-746551
-746506
-746379
-746375
-745776
-745623
-745612
-745498
-745137
-744604
-744545
-744477
-744336
-743788
-743736
-743703
-743682
-743232
-743189
-742519
-742170
-742154
-741480
-741474
-741441
-741051
-740864
-740567
-740451
-740346
-740305
-739819
-739660
-739504
-739021
-738917
-738817
-738577
-738552
-738200
-737994
-737943
-737781
-737742
-737642
-737630
-737625
-737527
-737474
-737258
-737143
-736576
-735867
-735839
-735047
-735005
-734821
-734788
-734674
-734249
-733998
-733985
-732957
-732347
-731945
-731847
-730655
-730521
-729902
-729767
-729434
-729357
-729285
-729224
-728955
-728742
-728740
-728355
-728309
-728307
-727865
-727687
-726670
-726487
-726202
-726084
-725659
-725629
-724916
-724903
-724643
-724133
-723834
-723803
-722785
-722431
-722352
-722026
-721931
-721808
-721519
-721429
-721361
-721358
-721291
-720995
-720950
-720782
-720535
-720271
-720220
-720086
-719972
-719866
-719724
-718017
-717857
-717853
-717580
-717390
-717365
-717172
-717051
-716939
-716647
-716238
-716234
-716039
-716038
-715922
-715724
-715625
-715284
-714537
-714343
-714000
-713978
-713789
-713618
-713516
-713018
-712667
-712535
-712512
-712462
-712129
-711435
-710080
-710019
-709884
-709846
-709834
-709518
-709282
-709176
-709134
-709057
-708655
-708568
-707813
-707644
-707560
-707334
-707248
-706976
-706952
-706858
-706824
-706651
-706286
-705851
-705818
-704889
-704871
-704852
-704523
-704431
-704392
-704201
-704120
-704098
-704023
-704021
-703902
-703662
-703591
-703376
-703305
-703232
-702468
-702465
-702308
-701939
-701703
-701582
-700993
-700597
-700474
-699852
-699459
-699385
-699372
-698880
-698797
-698648
-698501
-698201
-697988
-697929
-697788
-697524
-697217
-696874
-696817
-696732
-696251
-696230
-696026
-695970
-695757
-695572
-695554
-695545
-695242
-694873
-694550
-694348
-694165
-693539
-693538
-693537
-693300
-693245
-692945
-692893
-692763
-691766
-691244
-690927
-690770
-690576
-689863
-689466
-688802
-688265
-688151
-687700
-687539
-687353
-687294
-686684
-686585
-686493
-686477
-686415
-685868
-685280
-685182
-685100
-684899
-684895
-684830
-684507
-684267
-683983
-683640
-683609
-682980
-682944
-682888
-682818
-682522
-682512
-682350
-681523
-681280
-681258
-681134
-680959
-680634
-680060
-679914
-679874
-679794
-679753
-679715
-679634
-679224
-678943
-678919
-678513
-678436
-677768
-677462
-677428
-676773
-675969
-675759
-675724
-675468
-675467
-675132
-674816
-674624
-674569
-674397
-674365
-672657
-672614
-672555
-672254
-671888
-671793
-671743
-671110
-670670
-670003
-669713
-669457
-669300
-669193
-669192
-668883
-668773
-668683
-668168
-667622
-667592
-667357
-667047
-666995
-666878
-666316
-666202
-666163
-666147
-666054
-665764
-665577
-665516
-665512
-665484
-665219
-665174
-664634
-664572
-664434
-664180
-664149
-664015
-663543
-663456
-663082
-663045
-662585
-662550
-662525
-662524
-662397
-662379
-662321
-662106
-662094
-661899
-661728
-661288
-661207
-660978
-660747
-660292
-660260
-660229
-659704
-659515
-659188
-658887
-658859
-658828
-658747
-658597
-658595
-658218
-658149
-658057
-657996
-657933
-657887
-656907
-656842
-656584
-656136
-656000
-655967
-655935
-655714
-655665
-655562
-655558
-655360
-654539
-654368
-653865
-653723
-653627
-653346
-652641
-652633
-652282
-652016
-651760
-651711
-651611
-651192
-651012
-650349
-649899
-649552
-649243
-648899
-648678
-648617
-647978
-647843
-647824
-647782
-647568
-647122
-646971
-646744
-646113
-646067
-646065
-646024
-645854
-645079
-645043
-644614
-644262
-644163
-644098
-643979
-643779
-643350
-643091
-642688
-642554
-642133
-641904
-641467
-641311
-641004
-640421
-639611
-639594
-639570
-639404
-639291
-639080
-638872
-638850
-638559
-638338
-638090
-637881
-637623
-637124
-637013
-636876
-636519
-634861
-634380
-634375
-634233
-633619
-633599
-633536
-633289
-633096
-633028
-632487
-631592
-630491
-630470
-630377
-630082
-629916
-629906
-629792
-629768
-629685
-629611
-629078
-628384
-628354
-628156
-628054
-627965
-627886
-627510
-627335
-627027
-626865
-626738
-626534
-626147
-625825
-625465
-624859
-624074
-623898
-623505
-623468
-623395
-623077
-623073
-622654
-622092
-621912
-621798
-621425
-621416
-621224
-621022
-621017
-620842
-620816
-620373
-620344
-620239
-620235
-620114
-619544
-619433
-619203
-619103
-618988
-618435
-617697
-617614
-617568
-617564
-617554
-617514
-616735
-615503
-615409
-615051
-614757
-614720
-614205
-613937
-613833
-613125
-612885
-612859
-612823
-612555
-612211
-612101
-612085
-611964
-611740
-611510
-611345
-610830
-610779
-609936
-609284
-609249
-609140
-607378
-607305
-607200
-606592
-606180
-605871
-605091
-604961
-604901
-604063
-603993
-603856
-603536
-603520
-603240
-602551
-602473
-602422
-601859
-601697
-601493
-601428
-600920
-600693
-600570
-600445
-600389
-600376
-599589
-599335
-599205
-599034
-598778
-598755
-598415
-598199
-598151
-598139
-598117
-597853
-597138
-596978
-596713
-596255
-595751
-595712
-595705
-595578
-595571
-595527
-595230
-595141
-594901
-594826
-594490
-594185
-594101
-593972
-593969
-593813
-593808
-593618
-592986
-592906
-592741
-592129
-592115
-591716
-591649
-591617
-591274
-591076
-590897
-590678
-590463
-590346
-590192
-590187
-589795
-589630
-589336
-589259
-589037
-588053
-588039
-587539
-587480
-587343
-587284
-587140
-587073
-586727
-586629
-586467
-586301
-586166
-585724
-585143
-584809
-584503
-584334
-583803
-583741
-583645
-583303
-583156
-582888
-582829
-582732
-582584
-582250
-581870
-581547
-581504
-581239
-581184
-581153
-581064
-580761
-580701
-580700
-580605
-580361
-580199
-580087
-579942
-579912
-579633
-579023
-578453
-578228
-577982
-577791
-577740
-577547
-577341
-576987
-576927
-576758
-576074
-576020
-575109
-574497
-574291
-574115
-573950
-573825
-573628
-573060
-572511
-572308
-571519
-571273
-571231
-571145
-570888
-570818
-570391
-569623
-569441
-569006
-568926
-568875
-568094
-567981
-567967
-567946
-567877
-566931
-566560
-566133
-565999
-565961
-565937
-565871
-565781
-565040
-564592
-564581
-564574
-564502
-564397
-564384
-564171
-563757
-563503
-563493
-563181
-563074
-562057
-561919
-561238
-560915
-560529
-560327
-560323
-560258
-559866
-559844
-558897
-558731
-558505
-558449
-558295
-558172
-558170
-557749
-557659
-557597
-556606
-556223
-555777
-555328
-555061
-554772
-554691
-554585
-554572
-554522
-554502
-554384
-554342
-554333
-554260
-553665
-553457
-553252
-553035
-552861
-552824
-552447
-551985
-551963
-551677
-551438
-551406
-551105
-550685
-550346
-549995
-549828
-549751
-548998
-548748
-547926
-547520
-547486
-547139
-546564
-546561
-546187
-545964
-545942
-545923
-545809
-545199
-544642
-544589
-544494
-544153
-544108
-544075
-544062
-543802
-543564
-542985
-542859
-541751
-541586
-541446
-541357
-541086
-539942
-539255
-539215
-539128
-538821
-538714
-538396
-538220
-537314
-537291
-536617
-536536
-536497
-536388
-536352
-536090
-535971
-535545
-534237
-534221
-533947
-533654
-533571
-533543
-533302
-533213
-532516
-532012
-531964
-531673
-531517
-531507
-531468
-531379
-531300
-531138
-530661
-530492
-529768
-529333
-529036
-528929
-528437
-528422
-527911
-527882
-526604
-526397
-525576
-525516
-524980
-524940
-524781
-524668
-524627
-524545
-524501
-524496
-523967
-523912
-523715
-523404
-523317
-523276
-522878
-522845
-522759
-522697
-522559
-522368
-521990
-521562
-521478
-521153
-520483
-520048
-519802
-519738
-519505
-519501
-519404
-519229
-519129
-519112
-518976
-518975
-518225
-517648
-517235
-517078
-516708
-516663
-516381
-516133
-515755
-515512
-515484
-514681
-514367
-514064
-513849
-513374
-512736
-511773
-511721
-511129
-511124
-511105
-510695
-510508
-510166
-509970
-509877
-509529
-509258
-509104
-508858
-508383
-508344
-508095
-507651
-507388
-507186
-507086
-507035
-506770
-506381
-504909
-504760
-504663
-504646
-504526
-504400
-504329
-504071
-504000
-503829
-503461
-503323
-503250
-503235
-502730
-502502
-502398
-502070
-501951
-501734
-501300
-501293
-501108
-501010
-500633
-500613
-500535
-500433
-500246
-499507
-499453
-499263
-499244
-498923
-498859
-498410
-496981
-496960
-495982
-495560
-495511
-495469
-495411
-495379
-494463
-494182
-493092
-492737
-492469
-492116
-492085
-491860
-491612
-491461
-491343
-491303
-490999
-490885
-490875
-490131
-489871
-489807
-489665
-489308
-489275
-489192
-488541
-488418
-488395
-488242
-487352
-486859
-486281
-486173
-485843
-485692
-485595
-485498
-485376
-485058
-484360
-484147
-484110
-483861
-483404
-483392
-483191
-482599
-482227
-481921
-481082
-480969
-480968
-480885
-480247
-480205
-479970
-479530
-479453
-479330
-479124
-479088
-478720
-478323
-478131
-477897
-477875
-477644
-477178
-477089
-476997
-476760
-476605
-476367
-476299
-476132
-476016
-475905
-475806
-475306
-475120
-474880
-473984
-473727
-473503
-473470
-473248
-473214
-473097
-473046
-472240
-472211
-472079
-471749
-471425
-470988
-470973
-470726
-470509
-470476
-470295
-469880
-469879
-469754
-469740
-469714
-469406
-469163
-469125
-468662
-468012
-467902
-467340
-467251
-467197
-467059
-467030
-466808
-466791
-466551
-466442
-466133
-466016
-465527
-465474
-465352
-465236
-464784
-464719
-464443
-464183
-463869
-463553
-462868
-462847
-462691
-462479
-462136
-461917
-461912
-461824
-461745
-461660
-461609
-461324
-460220
-460041
-459973
-459964
-459831
-458921
-458462
-458444
-458295
-457899
-457860
-457525
-457236
-457122
-457120
-456706
-456344
-455831
-455503
-455444
-455072
-454982
-454914
-454842
-454082
-453979
-453470
-452537
-452534
-452424
-452377
-452190
-452140
-451947
-451915
-451864
-451728
-451439
-451209
-451033
-451003
-450985
-450973
-450863
-450737
-450690
-450481
-449916
-449851
-449846
-449412
-449316
-449232
-449018
-448680
-448660
-448419
-448363
-448182
-447956
-447658
-447545
-447454
-447396
-447262
-446507
-446249
-446078
-445740
-445343
-445246
-445002
-444872
-444838
-444816
-444671
-444152
-443783
-443573
-443547
-443544
-443094
-442822
-442472
-442116
-441794
-441303
-441220
-440897
-440351
-439670
-439602
-438163
-438120
-437782
-437395
-436848
-436293
-436240
-436226
-435919
-435460
-434866
-434334
-433857
-433094
-433088
-433014
-432565
-432406
-432403
-431827
-431664
-431578
-431210
-431194
-431008
-429996
-429882
-429506
-429093
-429086
-428861
-428859
-428802
-428705
-428654
-427901
-427828
-427693
-427091
-426822
-426801
-426771
-426668
-426633
-426480
-426423
-426111
-425926
-425882
-425857
-425815
-425774
-425739
-425728
-425357
-425261
-425124
-424857
-424557
-424254
-424143
-423870
-423338
-423324
-423162
-422958
-422821
-422685
-422659
-422234
-422131
-422090
-421257
-420911
-420629
-420507
-419912
-419480
-419373
-419264
-419216
-418922
-418779
-418732
-418446
-418377
-417366
-417356
-417235
-417008
-416608
-416321
-415112
-414755
-413632
-413322
-412773
-412733
-412534
-412430
-411333
-411096
-410739
-410721
-410602
-410378
-410017
-409543
-409372
-408938
-408857
-408843
-408638
-408564
-408514
-407711
-407207
-407190
-406391
-406175
-405555
-405375
-405318
-405260
-405202
-405177
-404408
-404139
-404120
-403836
-403597
-403217
-403081
-402874
-402749
-402717
-402684
-402595
-402513
-402487
-402429
-402389
-402227
-402088
-401939
-401582
-401489
-401466
-400893
-400487
-399395
-399058
-399035
-398837
-398694
-398379
-398293
-398287
-398066
-397962
-397680
-397498
-397464
-397366
-397070
-397029
-396343
-396245
-396099
-395841
-395746
-395307
-395211
-394921
-394290
-394254
-394247
-393973
-393571
-393162
-392650
-390983
-390711
-390530
-390521
-389552
-389121
-388975
-388939
-388779
-388372
-388193
-387956
-387942
-387895
-387756
-387459
-387233
-387110
-386647
-386454
-386159
-386061
-385475
-385372
-385289
-384812
-384595
-383827
-383702
-383393
-383286
-383154
-383153
-383139
-383120
-382708
-382613
-382506
-382346
-382337
-381685
-381063
-380845
-380487
-380248
-380242
-380030
-379439
-379336
-379199
-378908
-378511
-378496
-378454
-378315
-378262
-377668
-377552
-377399
-377253
-377003
-376999
-376860
-376511
-376378
-376175
-376090
-376059
-375946
-375877
-375501
-375240
-375047
-374686
-374433
-374287
-373267
-373223
-373162
-371891
-371493
-371429
-371354
-370988
-370490
-370440
-370415
-370113
-370055
-369703
-369244
-369142
-368577
-367772
-367354
-366737
-366485
-366236
-366083
-365694
-365580
-365155
-364774
-364444
-364319
-364300
-364241
-363749
-363680
-363518
-363470
-363300
-362886
-362810
-362809
-362512
-362375
-362358
-362188
-362103
-361918
-361498
-361199
-361163
-360894
-360605
-360570
-359947
-359749
-359643
-359495
-359263
-359226
-359192
-358802
-358539
-358471
-358056
-357952
-357872
-357780
-357676
-357481
-357431
-357410
-356739
-355885
-355563
-355547
-355045
-354888
-354401
-353988
-353629
-353374
-352894
-352575
-352476
-352451
-352265
-352203
-352004
-351909
-351182
-351069
-351045
-350841
-350621
-350351
-349905
-349551
-349367
-349132
-348912
-348876
-348814
-348657
-348440
-348332
-348298
-348009
-347924
-347900
-347658
-347592
-347512
-347423
-346806
-346729
-346646
-346431
-346375
-346321
-345589
-344904
-344701
-343791
-343067
-343050
-342577
-342567
-342144
-341324
-341056
-340792
-340782
-340668
-340424
-340389
-340189
-339956
-339826
-338656
-337996
-337966
-337377
-337366
-337231
-336611
-336268
-336007
-334899
-334733
-334623
-334505
-334472
-334345
-332141
-331347
-330946
-330912
-330803
-330729
-330502
-330387
-330385
-329967
-329777
-329433
-329222
-329206
-329103
-329099
-328984
-328763
-328660
-328550
-328387
-328290
-328020
-328002
-327888
-327747
-327691
-327335
-327281
-326536
-325997
-325754
-325578
-325564
-325167
-324756
-324505
-324367
-324240
-324191
-324156
-323521
-323074
-323018
-322979
-322931
-322299
-321966
-321958
-321854
-321527
-320951
-320911
-320715
-320623
-320500
-320499
-319799
-319593
-318894
-318392
-318307
-318274
-317624
-316797
-316708
-316454
-316344
-316041
-316003
-315717
-315601
-315464
-315264
-315046
-314315
-314266
-314246
-314237
-313995
-313009
-312501
-312182
-311846
-311792
-311674
-311633
-311432
-311368
-311311
-311188
-311075
-310419
-310282
-310011
-309566
-309310
-308938
-308717
-308633
-308501
-308447
-308416
-308391
-308380
-308141
-307624
-307406
-307249
-306923
-306888
-306593
-306257
-306119
-306118
-306100
-305993
-305773
-305507
-304900
-304713
-303535
-303427
-303093
-302637
-302341
-302289
-302257
-302179
-302052
-301263
-300377
-300276
-300240
-300131
-300018
-299616
-299612
-298808
-298689
-298332
-297608
-297533
-296774
-296543
-295946
-295879
-295622
-295429
-295305
-295254
-295211
-295036
-294386
-294303
-294273
-294249
-294133
-293869
-293796
-293789
-293457
-293049
-292618
-292559
-292389
-292056
-291912
-291897
-291863
-291412
-291313
-291252
-291075
-290868
-290709
-290583
-290576
-290444
-290361
-289968
-289413
-289151
-288996
-288713
-288684
-288667
-288459
-288455
-288259
-288125
-288099
-287206
-287099
-286890
-286875
-286621
-286508
-286466
-285578
-285434
-285077
-284821
-284810
-284615
-284457
-284378
-284065
-283346
-282890
-282675
-282570
-282537
-282450
-282423
-282308
-282154
-281919
-281535
-281493
-280301
-279833
-279478
-279085
-279024
-278680
-278615
-278558
-278484
-278344
-278264
-278077
-278060
-277148
-277013
-277003
-276935
-276906
-276561
-276545
-276105
-276064
-275947
-275944
-275643
-275460
-275175
-275108
-274955
-274737
-274477
-274000
-273363
-273067
-272856
-272854
-272629
-272419
-272171
-272159
-272149
-271713
-271626
-271552
-271077
-270006
-269999
-269875
-269858
-269510
-268813
-268590
-268428
-268298
-268244
-267923
-267810
-267198
-267012
-265833
-265559
-265123
-264647
-264570
-264249
-264136
-263954
-263648
-263637
-262921
-262520
-262316
-262252
-261943
-261843
-261681
-261398
-261322
-260970
-260497
-260337
-259155
-259141
-258906
-258402
-257835
-257748
-257546
-257428
-257390
-257205
-257004
-256783
-256119
-256001
-255922
-255868
-255682
-254331
-253629
-253583
-253573
-253451
-253315
-253314
-253199
-252982
-252520
-252366
-251553
-250615
-250509
-250037
-249744
-249730
-249726
-249637
-249485
-249221
-249116
-248924
-248112
-247969
-247930
-247829
-247573
-247497
-247174
-247109
-247009
-246914
-246896
-246706
-246498
-246466
-246217
-245740
-245629
-245087
-244947
-244630
-244169
-243956
-243375
-243366
-243121
-243072
-242443
-241971
-241940
-241325
-241265
-239523
-239508
-239352
-238771
-238467
-237907
-237512
-237231
-235546
-235083
-234975
-234750
-234732
-234617
-234221
-234178
-234159
-233969
-233718
-233588
-233495
-233322
-233074
-232426
-232310
-231841
-231518
-231392
-230936
-230764
-230763
-230547
-230470
-230435
-230017
-229939
-229793
-229653
-229254
-229067
-228806
-228609
-228231
-228078
-227768
-227720
-227609
-227200
-226560
-226268
-226262
-226055
-225712
-225392
-224986
-224982
-224570
-224334
-223761
-223666
-223246
-223232
-223086
-223027
-222829
-222244
-222225
-222017
-221911
-221900
-221843
-221717
-221546
-221359
-221345
-221325
-221286
-220647
-220531
-220521
-220420
-220367
-219983
-219766
-219435
-219056
-219051
-218711
-218636
-218504
-218498
-218342
-218311
-218109
-218080
-217884
-217574
-216003
-215122
-214925
-214771
-214615
-214566
-214406
-214291
-214265
-214143
-214087
-214072
-213559
-213450
-213277
-213150
-213083
-213038
-212959
-212857
-212632
-212452
-212402
-212101
-211861
-211805
-211754
-211508
-211495
-211483
-211464
-210707
-210670
-209789
-209783
-209745
-209025
-208814
-208786
-208725
-208486
-208344
-208341
-208291
-208273
-208072
-208057
-207924
-207403
-207239
-207228
-207171
-206971
-206666
-206633
-206476
-206407
-206363
-206227
-205982
-205497
-205424
-204745
-204729
-204683
-204510
-204257
-203832
-203788
-203597
-203072
-203004
-202800
-202546
-202383
-201875
-201637
-201191
-201057
-200775
-200706
-200345
-200184
-200178
-199842
-199768
-199228
-199122
-198284
-198258
-198138
-198106
-197747
-197444
-197377
-197169
-196900
-196768
-196672
-194966
-194414
-194183
-194089
-194041
-192809
-192784
-192771
-192745
-192459
-192357
-192315
-191940
-191671
-191476
-191397
-191238
-191003
-190868
-190454
-190413
-190404
-190104
-189837
-189595
-189161
-188839
-188822
-188350
-188252
-187671
-187582
-187546
-187244
-187155
-186911
-186905
-186692
-186555
-186429
-186371
-186188
-185796
-185681
-185441
-184950
-184914
-184519
-184440
-183806
-183501
-183385
-183038
-182830
-182776
-182511
-181907
-181783
-181596
-181109
-181030
-180806
-180686
-180178
-180069
-180027
-179785
-179600
-179527
-179027
-177938
-177899
-177726
-177725
-177465
-177190
-176756
-176525
-175472
-175429
-175302
-174889
-174848
-174690
-174424
-174362
-174307
-173654
-173647
-173561
-173434
-173289
-173271
-173034
-173033
-172856
-172786
-172359
-172125
-172094
-171898
-171283
-170916
-170913
-170683
-170552
-170478
-170397
-170108
-169879
-169704
-169510
-169474
-168651
-168292
-168223
-168113
-168106
-167945
-167520
-167455
-166087
-165527
-165481
-165439
-164794
-164219
-163837
-163833
-163691
-163010
-162944
-162468
-162381
-162293
-161987
-161303
-161065
-161006
-160567
-160517
-159888
-159681
-159623
-159379
-159350
-159280
-158783
-158559
-158445
-158438
-158153
-158074
-158073
-157678
-157621
-157379
-157321
-156984
-156558
-156494
-156488
-156240
-156135
-155770
-155589
-155380
-155136
-155099
-155027
-154979
-154968
-154908
-153969
-153898
-153715
-153648
-153403
-153088
-153069
-152620
-151888
-151874
-151721
-151704
-151614
-151404
-151069
-150690
-150466
-149999
-149622
-149587
-149029
-148932
-148824
-148533
-148394
-148012
-147735
-147732
-147643
-147637
-147553
-147519
-147379
-146579
-146377
-146197
-145489
-144678
-144455
-144417
-143768
-143728
-143106
-143019
-142940
-142894
-142583
-142468
-142152
-142043
-140234
-140046
-139861
-139712
-139709
-139334
-139311
-139277
-139176
-139108
-138857
-138139
-137965
-137825
-137053
-136924
-136585
-135871
-135097
-135078
-134636
-134448
-134314
-134244
-133512
-133498
-132443
-132158
-132093
-131876
-131780
-131330
-131137
-131069
-130338
-130295
-130037
-129812
-129785
-129634
-129584
-129291
-129241
-129022
-128606
-128495
-128460
-128090
-128042
-127478
-127244
-127233
-126368
-126303
-126090
-125607
-125214
-124862
-124243
-123949
-123700
-123520
-123127
-123025
-122936
-122454
-121868
-121271
-121026
-120634
-120600
-120510
-120385
-119878
-119542
-119466
-119315
-118464
-117703
-117488
-117086
-116819
-116815
-116737
-116650
-116567
-116233
-116168
-116164
-115751
-115595
-115164
-114289
-114135
-113892
-113780
-113653
-113333
-113295
-113143
-113133
-113011
-111934
-111874
-111605
-111423
-111233
-111100
-110622
-110465
-110434
-110329
-110050
-110004
-109682
-109559
-109439
-109419
-108708
-108687
-108468
-108444
-107478
-107412
-107407
-107319
-107314
-106921
-106513
-106367
-105774
-105400
-105339
-105195
-104802
-104755
-104425
-104278
-104189
-103722
-103494
-103365
-103305
-103194
-102828
-102670
-102563
-102511
-102338
-101702
-100547
-100294
 -99919
 -99906
 -99891
 -99840
 -99750
 -99730
 -99542
 -98513
 -98352
 -98104
 -97989
 -97639
 -97334
 -97051
 -96852
 -96419
 -96199
 -96076
 -95831
 -95536
 -95438
 -95381
 -95000
 -94774
 -94484
 -93974
 -93958
 -93830
 -93458
 -93348
 -93303
 -93217
 -93071
 -92956
 -92933
 -92676
 -92575
 -92427
 -92402
 -92062
 -91950
 -91787
 -91765
 -91722
 -91120
 -90778
 -90755
 -90639
 -90529
 -90401
 -90389
 -89746
 -89569
 -89299
 -89274
 -88824
 -88785
 -88706
 -88508
 -88211
 -88133
 -87894
 -87749
 -87728
 -87679
 -87428
 -87160
 -87121
 -86892
 -86142
 -86100
 -85962
 -85795
 -85647
 -85608
 -85235
 -85220
 -85053
 -84922
 -84797
 -84720
 -84272
 -84187
 -84122
 -83948
 -83866
 -83161
 -82807
 -82773
 -82364
 -82093
 -82083
 -81874
 -81671
 -81580
 -81517
 -81379
 -81057
 -80837
 -80827
 -80657
 -80572
 -80562
 -80261
 -80231
 -79942
 -79511
 -79501
 -79026
 -78706
 -78703
 -78642
 -78084
 -77878
 -77867
 -77353
 -76853
 -76827
 -75954
 -75909
 -75679
 -75664
 -75129
 -74716
 -74138
 -74023
 -73806
 -73536
 -73495
 -73235
 -73152
 -72937
 -72577
 -72358
 -72340
 -72109
 -71993
 -71232
 -71211
 -70027
 -69935
 -69666
 -69350
 -69279
 -68820
 -68464
 -68343
 -68273
 -68202
 -68085
 -67548
 -67073
 -66968
 -66936
 -66529
 -66191
 -65437
 -65410
 -65190
 -64967
 -64045
 -63985
 -63276
 -62844
 -62734
 -62663
 -62628
 -62582
 -62431
 -62421
 -61914
 -61808
 -61495
 -61319
 -59720
 -59377
 -59189
 -58827
 -58818
 -58642
 -58454
 -58272
 -57514
 -57308
 -57101
 -57055
 -56840
 -56748
 -56420
 -56098
 -55729
 -55253
 -55229
 -54579
 -54190
 -54012
 -52962
 -52882
 -52473
 -52432
 -52328
 -52240
 -52222
 -51201
 -50336
 -49881
 -49785
 -49553
 -49374
 -49341
 -48699
 -48643
 -48561
 -48404
 -48071
 -47823
 -47693
 -47590
 -47323
 -47126
 -47034
 -46826
 -46738
 -46277
 -46241
 -46046
 -44574
 -44569
 -44503
 -44406
 -44045
 -43878
 -43832
 -43690
 -43660
 -43565
 -43437
 -43377
 -42707
 -42630
 -41892
 -41885
 -41797
 -41780
 -41711
 -41691
 -41418
 -41116
 -40892
 -40885
 -40412
 -40371
 -39562
 -39302
 -39164
 -39139
 -38929
 -38790
 -38712
 -38409
 -38124
 -38107
 -37953
 -37448
 -36842
 -36825
 -36651
 -36117
 -35936
 -35676
 -35647
 -35046
 -34799
 -34140
 -33269
 -33107
 -32913
 -32864
 -32795
 -32402
 -31858
 -31338
 -31240
 -31194
 -30993
 -30982
 -30903
 -30892
 -30569
 -30113
 -30003
 -29598
 -29549
 -29385
 -29209
 -29053
 -28979
 -28729
 -28671
 -28560
 -28199
 -28159
 -28073
 -27914
 -27731
 -27467
 -27291
 -27275
 -26850
 -26158
 -25926
 -25413
 -25384
 -25273
 -25230
 -25032
 -24748
 -24469
 -24276
 -24182
 -23867
 -23636
 -22892
 -22732
 -22663
 -22657
 -22314
 -22241
 -21777
 -21487
 -21384
 -21245
 -21209
 -21060
 -20924
 -20684
 -20591
 -20368
 -20347
 -18523
 -18011
 -17909
 -17650
 -17535
 -17518
 -17212
 -17003
 -16986
 -16103
 -16086
 -16039
 -15687
 -15605
 -15525
 -15431
 -15130
 -14648
 -14362
 -13642
 -13601
 -13159
 -12939
 -12513
 -12288
 -12266
 -12129
 -11888
 -11836
 -11668
 -11545
 -10998
 -10676
 -10587
 -10101
 -10069
  -9480
  -7637
  -7386
  -7324
  -7182
  -7080
  -6962
  -6356
  -6158
  -5901
  -5711
  -4935
  -4719
  -4507
  -4450
  -4421
  -3879
  -3804
  -3368
  -3359
  -3036
  -3009
  -2959
  -2820
  -2666
  -2596
  -2545
  -1956
  -1911
  -1814
  -1512
  -1415
  -1256
   -654
   -523
   -270
   -210
    526
    799
   1067
   1205
   1206
   1782
   1805
   2757
   3079
   3452
   3713
   3752
   4087
   4155
   4387
   4553
   4978
   5390
   5748
   5825
   5893
   6402
   6506
   6590
   6685
   6940
   7056
   7973
   8260
   9170
   9244
   9460
   9620
   9719
   9871
  10743
  10953
  11111
  11144
  11211
  11497
  11589
  11636
  12132
  12207
  12929
  13249
  13820
  13870
  13962
  13993
  14012
  14313
  14450
  14943
  15028
  15448
  15738
  16468
  16553
  16751
  16791
  16879
  17966
  18845
  18907
  19000
  19007
  19224
  19318
  19655
  20012
  20165
  20241
  20528
  20577
  20671
  20715
  21071
  21331
  21738
  21916
  22499
  22759
  23084
  23110
  23278
  23476
  23484
  23600
  23781
  23808
  24792
  25313
  26674
  27078
  27214
  27309
  27498
  28371
  28603
  28673
  28894
  28948
  29332
  30024
  30044
  30065
  30148
  30267
  30633
  30696
  31175
  31396
  31962
  32223
  32265
  32857
  32892
  33400
  33624
  33662
  33724
  33914
  34186
  34460
  34672
  35087
  36095
  36582
  36698
  36821
  36942
  36986
  37410
  37556
  38171
  38244
  38405
  38417
  38716
  38943
  39091
  39304
  39552
  39846
  40024
  41019
  41262
  41312
  41615
  41688
  41798
  42390
  42990
  43048
  43280
  43367
  43585
  43848
  44339
  44358
  44642
  44775
  45309
  45896
  46096
  46126
  46294
  47211
  47747
  47940
  49729
  50036
  50632
  50891
  51200
  51427
  51555
  51603
  52812
  52921
  53143
  53459
  54384
  54398
  54901
  55336
  56741
  56789
  56806
  57025
  57208
  57270
  57646
  57722
  58016
  58190
  58216
  58325
  58998
  59029
  59963
  59978
  60224
  60235
  60309
  60662
  61204
  61223
  61258
  61400
  61542
  62036
  62398
  62613
  62953
  63222
  63665
  63853
  64149
  64161
  64365
  64467
  64798
  65067
  65217
  65748
  65976
  66736
  67153
  67231
  67454
  67984
  68284
  69686
  69692
  70594
  70702
  70838
  70959
  71222
  71257
  71305
  71571
  71579
  71633
  71791
  72617
  72927
  73042
  73268
  73277
  73526
  74309
  74423
  74590
  74759
  75067
  75124
  75127
  75411
  75503
  75922
  75963
  76426
  76557
  76614
  76905
  77247
  77494
  77599
  77867
  77972
  78125
  78353
  78389
  78540
  78657
  78765
  78804
  79073
  79217
  79440
  79503
  79510
  79653
  79755
  79912
  79922
  80208
  80712
  81039
  81600
  81676
  81729
  81802
  82053
  82190
  82545
  83806
  84552
  85028
  85168
  85505
  85875
  86238
  86565
  86588
  86749
  86988
  87138
  87164
  87267
  87494
  88220
  88741
  89122
  89372
  89762
  90185
  90206
  90286
  90291
  90367
  90864
  91783
  91900
  92294
  92972
  93151
  93153
  93172
  93244
  93486
  93641
  93730
  94209
  94823
  94894
  95020
  95223
  95460
  95554
  95575
  95591
  96053
  96514
  97077
  97201
  97282
  97745
  98482
  98834
  99179
  99214
  99424
  99635
  99935
 100019
 100142
 100585
 100716
 100858
 101207
 101415
 101733
 101801
 102526
 103250
 103254
 103735
 103790
 104366
 104691
 104805
 104932
 105400
 105532
 105702
 105729
 105973
 106695
 106738
 107536
 107540
 107574
 108160
 108295
 108607
 108712
 109057
 109462
 109608
 109677
 110116
 110537
 110731
 111411
 111582
 111610
 111650
 112267
 112319
 112321
 112488
 112602
 112941
 113300
 113503
 113632
 114772
 115591
 115670
 115766
 116128
 116801
 116936
 116961
 117373
 117419
 117437
 117522
 117547
 117583
 117730
 118164
 118289
 118376
 118498
 118521
 118599
 118798
 118878
 118986
 118999
 119011
 119124
 119277
 119494
 119563
 120038
 120358
 120516
 120790
 120876
 120972
 121125
 121173
 121291
 121358
 121702
 121751
 121777
 121868
 121944
 122215
 122371
 122439
 122472
 122508
 122580
 123158
 123185
 123330
 123414
 123890
 124035
 124076
 124114
 124150
 124587
 124833
 124931
 125053
 125318
 125547
 126179
 126403
 126474
 126965
 127369
 127896
 128169
 128780
 128923
 129509
 129612
 129696
 129742
 129801
 129944
 130023
 130593
 130643
 131243
 131262
 131311
 131455
 131459
 131781
 131820
 132258
 132590
 132875
 133198
 133485
 133857
 133887
 133913
 134316
 134845
 135409
 135509
 135531
 135543
 135568
 136358
 136603
 137429
 137658
 137737
 137930
 137983
 138014
 138245
 138410
 139202
 139523
 141214
 141281
 141440
 141484
 141664
 141922
 142582
 142969
 143998
 144099
 144380
 144397
 144428
 144575
 144717
 144916
 144949
 145021
 145257
 145623
 145966
 146199
 146254
 146366
 146412
 146688
 146692
 147132
 147473
 147772
 147811
 147979
 148050
 148332
 148517
 149020
 149318
 149438
 149488
 150108
 150442
 150739
 151238
 151250
 151363
 151586
 151871
 151912
 152184
 152603
 152771
 153105
 153119
 154070
 154166
 154940
 155091
 155570
 155748
 155752
 156221
 156425
 156440
 157221
 157230
 157747
 157756
 157851
 157976
 157998
 158004
 158067
 158479
 158597
 158641
 158953
 158971
 159182
 159365
 159842
 160453
 161164
 161474
 161644
 161690
 161912
 162059
 162125
 162281
 162541
 162544
 162716
 162767
 162829
 162945
 163301
 163393
 163519
 163608
 163990
 164076
 164411
 165137
 165187
 165236
 165468
 165494
 165772
 165844
 165980
 166061
 166245
 166391
 166675
 167331
 167458
 167493
 167672
 167838
 167899
 168100
 168147
 168571
 168729
 168827
 168841
 168984
 169101
 169434
 169910
 170194
 170201
 170341
 170420
 170443
 170476
 171085
 171126
 171136
 171637
 171647
 171971
 172329
 172512
 172616
 172889
 173084
 173107
 173820
 174035
 174439
 174662
 174716
 175220
 175359
 175667
 175744
 176037
 176224
 176371
 176599
 176692
 176766
 177456
 177966
 178127
 178195
 178237
 178496
 179133
 179437
 179573
 179817
 179925
 180800
 180946
 181170
 181275
 181499
 182127
 182722
 183240
 183971
 184324
 184906
 185300
 185765
 185847
 186262
 186284
 187200
 187393
 187585
 187625
 187646
 188370
 188579
 188962
 189476
 190151
 190223
 190249
 190580
 190869
 191088
 191129
 191181
 191830
 192213
 192333
 192348
 192459
 192660
 192690
 192817
 192881
 193622
 193670
 193831
 193929
 193936
 194305
 194676
 194729
 194781
 195000
 195161
 195589
 195591
 195718
 195783
 195816
 195879
 196174
 196201
 196203
 196353
 196893
 197516
 197895
 198268
 198460
 198707
 198788
 198983
 199235
 199462
 199524
 200077
 200122
 200970
 201601
 201618
 201720
 201823
 201827
 202117
 202189
 202618
 202927
 203473
 203531
 204006
 204152
 204603
 205241
 205562
 205764
 205918
 205975
 206053
 206481
 206790
 206856
 207081
 207519
 207621
 207665
 207966
 207982
 208173
 208404
 208649
 208783
 208980
 209094
 209203
 209287
 209311
 210174
 210542
 210564
 210756
 211115
 211132
 211244
 211319
 211812
 212253
 212269
 212557
 212612
 212657
 212707
 212733
 213753
 214034
 214214
 214990
 215157
 215957
 216210
 216229
 216339
 216378
 216561
 216856
 216915
 217170
 217181
 217726
 217860
 218142
 218502
 218510
 218855
 219480
 219568
 219801
 219956
 220214
 220268
 220302
 220463
 220755
 220823
 221096
 221131
 221165
 221303
 221304
 221729
 221753
 221993
 222129
 222347
 222614
 222906
 223530
 223585
 223656
 223964
 224053
 224163
 224209
 224490
 224677
 225022
 225708
 225955
 226063
 226070
 226108
 226626
 227123
 227126
 227189
 227436
 227893
 228003
 228180
 228453
 228534
 228897
 229694
 229841
 230039
 230215
 230518
 230732
 230862
 231176
 231260
 231484
 231810
 232112
 232147
 232364
 232365
 232498
 233357
 234311
 234712
 235242
 235287
 235431
 235447
 235480
 235657
 235923
 235964
 236160
 237074
 237135
 237400
 237949
 238014
 238487
 238753
 238857
 239361
 239798
 240230
 240279
 240748
 240984
 241274
 241818
 242127
 242411
 242493
 242763
 242801
 243143
 244011
 244425
 244598
 244991
 245058
 245228
 245583
 246511
 246673
 246704
 247281
 247311
 247345
 247711
 247760
 247764
 247765
 247926
 248205
 248500
 248590
 249128
 249449
 249457
 249706
 250472
 250690
 251171
 251183
 251222
 251488
 252238
 252687
 253202
 253448
 253595
 253628
 253986
 254105
 254169
 254285
 254306
 254760
 255669
 255955
 256135
 256162
 256178
 256271
 256694
 256866
 257153
 257176
 257496
 258555
 258760
 259198
 259322
 259373
 259650
 259837
 260262
 260379
 260607
 260719
 260737
 260886
 261003
 261049
 261263
 261424
 261841
 262016
 262099
 262165
 262521
 262653
 262752
 263656
 264457
 265264
 265371
 265418
 265442
 265492
 265528
 265860
 266751
 266801
 266882
 267403
 267725
 267766
 267826
 267857
 267866
 268094
 268365
 268454
 268512
 268583
 268822
 268992
 269146
 269374
 269426
 269468
 269588
 269648
 269660
 270080
 270541
 270684
 271073
 271248
 271346
 271442
 271575
 272417
 272465
 273051
 273452
 273456
 273535
 273789
 274109
 274276
 274452
 274546
 274668
 274888
 274969
 275342
 275816
 276241
 276450
 277247
 277263
 277490
 277589
 277801
 277952
 278841
 278845
 279142
 279267
 279645
 279751
 280180
 280186
 280448
 280581
 280615
 281180
 281945
 281954
 282135
 283324
 284010
 284068
 284305
 284680
 284757
 284913
 284966
 285038
 285079
 285786
 285826
 286767
 286830
 286872
 286973
 287177
 287224
 287381
 287537
 287723
 288067
 288658
 288768
 289593
 290090
 290466
 290567
 290661
 290828
 290962
 291309
 291670
 292179
 292275
 292411
 293740
 293944
 294023
 294449
 294760
 294855
 295092
 295218
 295734
 295943
 296081
 296906
 297011
 297162
 297175
 297205
 297391
 297510
 297920
 298015
 298539
 299076
 299148
 299160
 299470
 299563
 299941
 300037
 300611
 301119
 301472
 301576
 302675
 302805
 302939
 302984
 303055
 303635
 303701
 304131
 304159
 305219
 305867
 306458
 306461
 306584
 306594
 306910
 306977
 307233
 307624
 307885
 308833
 309272
 309422
 309723
 309789
 310107
 310583
 310598
 311102
 311192
 311469
 312006
 312107
 312416
 312496
 312570
 313804
 314063
 314367
 314448
 314459
 314616
 314664
 314844
 316710
 317085
 317167
 317172
 317308
 317427
 317584
 317625
 318212
 318357
 318410
 318528
 318577
 318855
 319011
 319017
 319153
 319224
 319438
 319508
 320032
 320033
 320195
 320944
 321235
 321581
 321784
 322265
 322385
 322698
 323493
 323917
 323966
 324110
 324123
 324367
 324434
 324586
 325187
 325254
 325398
 325654
 325831
 326268
 326324
 326487
 326784
 326903
 326921
 326978
 327228
 327261
 327438
 328028
 328055
 328094
 328348
 328596
 329109
 329222
 330199
 330345
 330351
 330425
 330552
 330742
 330747
 330875
 330902
 331339
 331449
 331709
 331758
 331878
 331971
 332268
 332271
 332723
 332891
 333212
 333549
 333815
 333868
 334708
 334799
 335376
 335604
 335797
 335992
 336042
 336445
 336542
 336575
 336717
 336829
 337320
 337349
 337378
 337643
 337824
 337879
 338179
 338323
 338401
 338489
 338650
 339286
 339615
 339721
 340511
 341017
 341080
 341147
 341341
 341590
 341603
 341664
 341795
 341808
 342004
 342720
 343085
 343239
 343525
 343548
 343980
 344191
 344359
 344513
 344681
 345179
 345436
 345658
 345718
 345759
 346281
 346898
 346970
 347184
 347293
 347364
 347374
 347393
 347767
 347984
 348922
 349009
 349409
 350131
 350786
 351224
 351324
 351747
 351761
 352042
 352270
 352792
 352879
 353040
 353608
 353730
 353920
 353977
 354451
 354463
 354628
 355537
 355893
 356625
 356692
 357249
 357470
 357806
 358835
 358959
 358988
 359022
 359074
 359084
 359266
 359282
 359344
 359590
 359631
 360785
 360882
 361258
 361462
 361500
 361504
 361553
 361578
 362740
 362903
 362984
 362988
 363092
 363600
 364021
 364175
 364419
 364958
 365747
 365767
 365817
 365876
 365997
 366386
 367493
 367524
 367759
 367760
 368095
 368406
 369412
 369421
 369884
 370450
 370475
 370487
 370633
 370716
 370727
 371966
 371984
 372320
 372365
 372429
 372505
 372550
 372622
 372919
 372981
 373317
 373581
 373669
 373984
 373986
 374249
 374492
 375252
 375327
 376329
 376483
 376548
 376722
 377819
 378203
 378420
 378633
 378731
 379079
 379790
 380277
 380337
 380487
 380729
 380932
 381094
 381175
 381321
 381581
 382087
 382092
 382112
 382755
 382874
 383472
 383518
 383601
 384488
 384519
 384623
 384953
 385083
 385529
 385601
 385644
 385696
 386166
 386435
 386811
 386966
 386989
 387416
 387807
 387966
 387970
 388158
 388351
 388686
 388789
 389075
 389584
 389612
 389739
 389869
 389900
 391083
 391271
 391842
 392190
 392590
 392983
 392998
 393021
 393131
 393311
 393408
 393784
 393993
 394181
 394255
 394294
 394414
 394461
 394661
 394956
 394972
 395168
 395311
 395417
 395914
 396034
 396223
 396252
 396253
 396404
 396574
 396771
 396807
 396813
 396925
 396945
 397176
 397240
 397510
 397554
 397739
 397791
 398208
 398506
 398917
 399179
 399623
 399771
 399811
 400440
 401077
 401283
 401507
 401797
 402099
 402262
 402693
 402902
 403009
 403193
 403294
 403462
 403510
 403695
 404002
 404137
 404171
 404616
 404633
 404662
 404931
 404987
 405057
 405068
 405375
 405503
 405554
 405743
 405831
 406716
 407003
 407403
 407475
 407558
 407747
 408165
 408168
 408303
 408421
 409046
 409200
 409354
 409556
 409561
 409771
 410144
 410799
 410842
 410999
 411168
 411612
 411661
 412708
 413149
 413363
 413574
 413580
 413725
 413947
 414079
 414421
 414861
 415222
 415281
 415439
 415524
 416356
 416553
 416904
 417209
 417514
 417708
 418216
 418292
 418917
 419462
 419552
 419852
 420104
 420658
 420663
 421163
 421763
 422177
 422265
 422306
 422316
 422476
 422837
 422956
 423326
 423341
 423384
 424060
 425005
 425030
 425449
 426061
 426130
 426663
 426733
 426898
 427244
 427577
 427612
 428060
 428096
 428149
 428478
 428509
 428853
 428961
 429194
 429475
 429489
 429794
 429842
 430123
 430557
 430993
 431093
 431664
 431728
 431876
 431953
 432671
 432767
 432799
 433430
 433572
 434001
 434126
 434153
 434296
 434340
 435056
 436081
 436204
 436698
 437720
 437964
 438275
 438672
 438727
 438802
 439022
 439193
 439211
 439498
 439667
 439756
 439838
 440030
 440126
 440158
 440383
 440487
 440518
 440948
 441072
 441264
 441274
 441427
 441462
 442156
 442554
 442841
 443048
 443150
 443229
 443277
 443478
 443746
 443903
 444271
 444452
 444997
 445015
 445467
 445503
 445590
 445612
 445735
 445749
 446325
 446998
 447369
 447761
 448368
 448587
 448891
 449088
 449152
 449443
 450049
 450304
 451057
 451074
 451432
 451552
 451727
 451778
 452478
 452813
 453301
 453501
 453637
 454319
 454347
 454379
 454400
 454844
 455499
 455636
 455767
 456024
 456114
 456458
 457058
 457378
 457512
 457625
 458005
 458237
 458247
 458679
 458767
 458957
 459116
 459655
 460009
 460742
 460776
 460850
 460972
 461105
 461296
 461369
 461451
 462031
 462364
 462527
 462622
 462673
 462688
 462791
 463123
 463168
 463243
 463267
 463387
 463619
 463650
 463788
 464055
 464072
 464105
 464346
 464647
 464727
 465256
 465908
 466030
 466626
 466738
 466816
 467421
 467438
 467541
 467976
 468508
 468532
 468587
 468958
 469027
 469231
 469253
 469537
 469680
 469688
 469700
 469772
 469923
 470039
 470264
 470539
 470934
 471141
 471185
 471903
 471906
 472116
 472404
 473621
 473795
 474111
 474337
 474497
 475487
 475726
 475902
 476081
 476480
 476969
 477127
 477267
 477393
 477688
 477766
 477828
 478153
 478221
 478590
 478744
 479198
 479535
 479726
 480078
 480159
 480764
 481190
 481558
 481771
 481843
 481885
 482122
 482297
 482639
 482803
 482843
 482955
 483159
 483483
 483579
 483856
 484194
 484196
 484440
 484476
 485202
 485404
 485989
 486408
 486478
 486913
 486936
 487171
 487254
 487641
 487908
 488067
 488099
 488141
 488194
 488602
 488743
 488792
 488980
 489031
 489032
 489241
 489545
 490290
 490502
 490537
 490819
 491077
 491120
 491164
 491511
 491843
 491892
 492173
 492487
 492657
 492869
 492954
 493510
 493517
 493562
 493615
 493971
 494201
 494225
 494354
 494393
 494741
 495093
 495111
 495422
 496016
 496027
 496070
 496079
 496197
 496576
 496893
 496926
 497103
 497950
 498433
 498846
 498960
 499835
 499898
 500473
 500720
 501046
 501549
 501630
 501850
 501973
 502059
 502152
 502251
 502306
 502483
 502812
 502904
 503251
 503344
 503484
 503862
 503981
 504227
 504232
 504369
 504432
 504636
 504922
 505325
 505334
 505465
 505594
 505657
 505698
 505704
 505763
 505884
 505987
 506002
 506062
 506194
 506426
 506671
 506745
 507060
 507731
 507763
 508248
 508681
 508713
 508805
 508884
 508901
 508991
 509037
 509975
 510147
 510187
 510439
 510898
 511304
 511342
 511357
 512020
 512314
 512684
 512945
 513029
 513043
 513046
 513162
 513364
 513381
 513496
 513680
 514715
 514736
 515006
 515547
 515880
 515890
 516396
 516811
 516818
 517478
 518235
 518367
 518631
 519324
 519485
 519572
 519718
 519784
 520221
 520333
 520551
 520947
 521278
 521744
 522055
 522162
 522552
 522581
 522614
 523029
 523036
 523161
 523481
 523675
 523737
 523818
 524053
 524181
 524587
 524595
 524617
 524705
 524844
 524884
 525098
 525179
 525192
 525250
 525921
 526507
 526565
 526797
 526838
 527037
 527876
 528476
 528724
 528739
 528749
 528789
 528899
 529479
 529561
 529605
 529630
 529882
 530237
 530329
 530372
 531013
 531065
 533118
 533184
 533270
 533607
 534330
 534350
 535755
 535803
 536260
 536301
 536896
 537012
 537028
 537219
 537502
 537569
 537611
 537990
 538061
 538304
 538306
 538711
 539811
 540468
 540991
 541570
 541841
 542265
 542512
 542534
 542615
 543070
 543122
 543475
 543535
 543670
 543895
 544085
 544198
 544295
 544566
 545061
 545183
 545715
 545832
 545938
 546206
 546508
 546688
 546695
 547343
 548234
 548785
 548912
 548949
 549349
 549428
 549829
 550053
 550487
 550997
 551026
 551507
 551509
 551724
 551905
 552019
 552308
 552531
 552541
 552581
 552678
 553025
 553856
 553947
 554045
 554765
 554793
 554833
 555196
 555231
 555361
 555402
 556148
 556155
 556428
 556454
 557119
 557139
 557676
 557736
 557898
 557902
 557943
 557979
 558324
 558634
 558697
 558935
 559086
 559104
 559345
 559533
 559607
 559918
 560447
 560791
 560932
 561422
 562194
 562778
 562889
 563006
 563272
 563361
 563506
 563805
 563915
 564482
 565015
 565111
 565601
 565990
 566062
 566230
 567219
 567986
 568057
 568155
 568396
 568514
 568612
 568629
 568849
 568941
 570120
 570381
 570404
 570424
 570446
 570656
 571089
 571862
 571955
 572322
 573067
 573160
 573364
 573399
 573893
 574164
 574463
 574969
 575158
 575319
 576348
 576409
 576866
 576949
 577018
 577206
 577292
 577561
 577739
 577812
 577896
 577958
 578411
 578474
 578878
 578933
 579131
 579193
 579354
 580105
 580471
 580656
 580725
 580983
 580995
 581221
 581514
 582141
 582217
 582892
 583583
 583947
 584000
 584334
 584592
 584822
 584950
 585867
 586255
 586630
 587221
 587493
 587606
 587716
 587800
 587884
 588011
 588051
 588070
 588227
 588507
 588629
 588640
 588778
 589010
 589398
 589805
 590956
 591764
 592222
 592444
 592569
 592597
 592748
 593033
 593398
 593455
 593669
 593819
 593969
 594011
 594157
 594416
 594697
 594950
 594989
 595061
 595091
 595384
 595432
 595510
 595918
 596053
 596279
 596289
 596682
 596943
 597451
 597567
 598419
 598470
 599223
 599770
 599834
 600291
 600408
 600568
 600714
 601030
 601238
 601463
 601538
 601686
 601743
 601817
 602017
 602125
 602971
 603788
 603847
 603957
 604213
 604242
 604362
 604442
 604869
 604948
 605153
 605249
 605926
 606412
 606590
 606649
 607106
 607762
 607765
 608233
 608824
 609317
 609447
 609580
 609779
 609793
 610017
 610188
 610365
 610693
 610859
 610978
 611094
 611166
 611256
 611847
 612019
 612036
 613227
 613419
 613510
 613530
 613568
 613840
 614036
 614092
 614408
 615087
 615166
 615480
 615738
 616425
 616436
 616656
 616894
 617410
 617616
 617844
 617976
 618321
 618396
 618521
 618544
 618658
 618929
 619304
 619340
 619440
 620093
 620306
 620477
 620590
 620790
 620869
 621024
 621144
 621524
 621724
 622250
 622546
 622873
 623721
 624425
 624935
 625164
 625351
 626242
 626403
 626428
 626474
 626686
 626939
 627180
 627341
 628122
 628736
 628992
 629098
 629100
 629152
 630235
 630364
 630692
 631747
 632153
 632513
 632683
 632989
 633156
 633233
 633646
 633873
 634212
 634254
 634390
 634449
 634661
 634774
 634900
 634994
 635225
 635476
 636293
 636874
 637296
 637484
 637846
 637932
 637952
 638058
 638182
 638966
 639148
 639267
 639463
 639675
 639836
 640041
 640476
 640825
 640835
 642070
 642236
 642240
 642376
 642492
 642530
 642681
 642847
 643743
 643976
 644106
 644166
 644604
 644614
 644783
 645265
 645453
 645500
 646401
 647050
 647075
 647142
 647219
 647647
 648024
 648278
 648428
 648957
 649080
 649230
 649852
 650089
 650357
 650360
 650824
 651580
 652088
 652239
 652708
 652786
 653235
 653472
 653495
 653934
 654057
 654209
 654486
 654652
 654762
 654765
 655512
 655522
 656225
 656232
 656510
 656889
 657162
 657165
 657191
 657567
 657600
 657739
 657779
 658338
 658415
 658490
 658712
 658763
 659835
 660139
 660210
 660288
 660350
 660398
 660485
 660501
 660574
 660726
 661441
 661463
 662549
 663024
 663988
 664042
 664143
 664252
 665000
 665382
 665551
 665642
 666077
 666250
 666266
 666783
 667772
 667827
 668468
 668975
 669176
 669392
 669548
 669591
 669789
 669843
 669920
 670172
 670175
 670465
 671459
 672285
 672291
 672781
 672942
 672959
 673454
 673486
 673832
 674112
 674172
 674207
 674252
 674475
 674740
 675424
 675493
 675524
 675838
 676051
 676335
 677049
 677283
 677296
 677399
 678231
 678439
 678475
 679346
 679658
 679981
 680389
 680811
 680974
 681232
 681633
 681814
 682132
 682222
 682343
 682635
 682740
 683457
 683751
 684631
 684676
 684817
 685030
 685119
 685350
 685438
 685489
 685537
 685558
 685800
 686061
 686589
 686904
 686989
 687121
 687442
 687592
 688173
 688174
 688757
 688820
 689099
 689347
 689972
 690051
 690314
 690394
 690610
 690752
 690919
 690922
 690980
 691051
 691387
 691455
 691654
 691698
 691918
 692040
 692043
 692338
 693270
 693632
 693713
 694324
 694438
 694598
 694855
 695001
 695411
 695869
 696033
 696132
 696201
 696516
 696535
 696727
 697101
 697277
 697389
 697511
 697738
 698847
 699096
 699326
 699528
 699621
 700086
 700452
 700482
 701138
 701203
 701266
 701364
 701411
 701580
 702141
 702379
 702970
 703049
 703131
 703205
 703540
 704170
 704823
 704949
 705168
 705568
 705601
 706118
 706480
 706605
 707071
 707267
 707682
 707761
 707914
 709560
 709749
 709810
 709829
 710499
 710500
 710660
 711423
 711464
 711522
 712083
 712159
 712238
 712376
 713146
 713381
 713699
 714299
 714414
 714442
 714638
 715065
 716080
 716535
 716557
 716626
 716827
 717180
 717477
 717688
 718358
 719039
 719040
 719220
 719281
 719307
 719321
 720009
 720093
 720223
 720266
 720384
 720437
 720722
 720862
 720881
 721071
 721342
 721605
 721883
 722117
 722497
 722515
 722678
 722723
 722804
 723324
 723550
 723615
 723704
 724131
 724203
 724285
 724427
 724664
 724849
 725499
 725714
 725749
 725803
 725915
 725916
 725940
 726550
 726948
 726963
 727142
 727345
 727683
 727898
 727933
 728284
 728773
 728804
 728906
 730200
 730353
 730522
 730620
 730702
 731030
 731276
 731395
 731419
 731420
 731506
 731518
 731589
 731623
 731872
 732394
 732644
 732898
 733080
 733245
 733696
 733804
 734628
 734677
 734785
 734809
 734985
 735287
 735380
 735397
 735416
 735774
 736047
 736069
 736362
 736367
 736459
 736817
 736897
 737573
 738211
 738608
 738827
 738976
 738980
 739257
 739837
 740155
 740327
 740334
 740564
 740630
 741158
 741350
 742267
 742477
 742760
 742870
 742940
 742963
 743168
 744056
 744222
 744912
 745195
 745281
 745289
 745942
 746326
 746786
 747015
 747081
 747203
 747309
 747559
 748165
 748266
 748567
 749144
 749240
 749351
 749441
 749655
 749754
 750281
 750319
 750804
 750930
 750957
 751400
 751550
 752048
 752211
 752524
 752777
 752822
 752947
 752998
 753413
 753504
 753577
 753605
 753618
 753622
 753946
 754357
 754493
 754837
 755017
 755023
 755110
 755802
 755911
 756239
 756379
 756495
 757420
 757434
 757508
 757517
 758024
 758245
 759089
 759351
 759370
 759604
 759875
 760631
 761178
 761237
 761310
 761622
 762186
 762304
 762316
 762634
 763136
 763178
 763345
 763506
 763900
 763963
 764753
 764995
 765053
 765117
 765548
 765792
 766007
 766177
 766222
 766244
 766541
 766975
 767071
 767306
 767471
 767907
 768166
 768446
 768512
 768806
 768828
 768906
 769000
 769133
 769398
 769403
 769445
 769576
 769662
 769985
 770310
 770738
 771004
 771119
 771274
 771301
 771521
 771554
 771647
 772025
 772093
 772304
 772717
 772772
 772973
 772977
 773342
 774168
 774428
 774531
 774577
 774676
 774727
 774953
 775074
 775201
 775943
 776861
 776999
 777013
 777031
 777340
 778258
 778624
 778830
 778990
 780049
 780168
 780292
 780473
 782096
 782227
 782273
 782278
 782926
 783037
 783052
 783525
 783842
 784074
 784271
 784440
 784460
 784615
 785184
 785397
 785726
 785939
 786296
 786308
 786354
 786542
 786752
 786843
 786891
 787233
 787279
 787400
 787492
 787832
 788125
 788329
 788539
 788582
 788979
 789045
 789638
 789696
 789823
 790038
 790058
 790292
 790745
 791015
 791226
 791451
 791462
 791463
 791652
 791849
 792315
 792646
 792814
 793292
 793423
 793553
 793931
 794008
 794245
 794602
 794652
 794753
 795064
 795098
 795126
 795133
 795353
 795490
 795582
 795588
 795746
 795863
 796101
 796319
 796782
 796831
 796992
 797010
 797471
 797494
 797654
 798058
 798401
 799037
 799752
 799852
 799871
 800043
 800143
 800198
 800243
 800247
 800408
 800436
 800939
 801232
 801313
 801554
 801881
 801917
 802324
 802381
 802520
 802764
 803467
 803767
 803885
 804089
 804369
 804793
 804852
 805150
 805320
 805629
 805999
 806276
 806357
 806505
 806969
 807068
 807148
 807269
 807441
 807785
 808469
 808478
 808830
 809268
 809497
 809562
 809563
 809636
 809672
 809675
 809890
 810403
 810407
 810459
 810706
 810726
 811036
 811587
 811784
 812208
 812748
 812952
 813679
 813743
 814437
 814620
 814934
 814995
 815055
 815268
 816096
 816202
 816264
 816384
 816644
 816725
 817201
 817419
 817764
 817820
 818146
 818199
 818393
 818559
 818902
 819043
 819069
 819486
 819649
 819816
 820006
 820138
 820140
 820352
 820376
 820546
 820551
 820759
 820923
 821283
 821412
 821451
 821894
 822059
 822211
 822293
 822590
 822936
 823021
 823044
 823589
 823727
 823780
 824230
 824244
 824320
 824349
 824623
 824666
 824762
 824776
 824801
 824838
 824857
 825402
 825987
 826193
 826421
 826732
 827008
 827104
 827572
 827615
 828423
 828471
 828935
 829143
 829561
 829649
 830556
 830756
 830902
 831027
 831930
 832201
 832396
 832771
 832919
 833020
 833206
 833234
 833515
 833713
 834034
 834102
 834493
 834955
 835064
 835297
 835410
 835486
 835646
 835762
 836049
 836597
 836607
 836717
 836759
 836887
 836986
 837158
 837503
 838025
 838126
 838310
 838482
 838528
 838535
 838965
 839080
 839345
 839390
 839405
 839425
 839493
 839730
 840086
 840204
 840762
 841298
 841609
 841617
 842745
 843323
 843477
 843586
 843587
 843750
 843987
 844035
 844052
 844515
 844643
 844991
 845172
 845314
 845577
 845902
 846028
 846396
 846966
 847497
 847533
 847702
 848022
 848040
 848349
 848446
 848675
 848956
 849100
 849248
 849633
 849694
 849704
 850176
 850180
 850996
 852068
 852231
 852352
 852363
 852979
 853143
 853401
 853624
 853674
 853763
 853787
 853802
 854479
 855002
 855430
 855480
 855498
 855823
 856126
 856172
 856379
 857710
 857928
 858015
 858290
 858412
 858684
 858718
 859462
 859497
 859869
 860953
 861502
 861513
 862546
 862551
 862729
 862759
 862770
 862863
 862894
 862925
 862947
 863294
 863318
 863610
 863852
 864355
 864413
 864545
 864662
 864848
 865574
 865736
 865856
 866102
 866155
 866194
 866580
 866805
 866819
 867070
 867425
 867724
 867760
 868019
 868186
 868234
 868632
 868633
 868701
 868813
 868872
 868989
 869242
 869281
 869343
 869361
 869485
 869514
 869748
 870014
 870054
 870161
 870632
 870935
 871115
 871583
 871904
 872209
 872384
 872413
 872540
 872728
 873154
 873417
 873665
 873852
 874009
 874035
 874054
 874093
 874436
 875219
 875491
 875570
 875955
 875995
 876078
 876322
 876370
 876410
 876435
 876618
 876765
 876802
 876969
 878289
 878883
 878890
 879117
 879496
 880086
 880226
 880730
 881015
 881087
 881427
 881586
 881587
 881706
 881803
 882014
 882574
 882775
 883016
 883125
 883462
 884005
 884436
 884702
 884806
 884840
 884937
 885393
 885523
 885580
 885585
 885808
 886416
 886450
 886547
 886878
 887233
 887690
 888088
 888131
 888769
 888840
 888877
 888976
 889448
 889528
 889624
 890563
 890709
 891363
 891519
 891847
 891964
 892042
 892056
 892259
 892346
 892753
 892882
 892912
 893174
 893445
 893449
 893551
 893672
 893832
 893990
 894530
 894576
 894592
 894715
 895000
 895030
 895336
 895410
 895570
 895728
 895983
 896187
 896301
 896611
 896769
 897085
 897489
 898400
 898547
 898582
 898841
 898999
 899052
 899267
 899765
 899891
 900557
 900611
 900675
 900929
 901025
 901037
 901062
 901311
 901326
 901574
 901582
 902506
 902555
 903137
 903931
 904121
 904691
 904890
 904982
 905124
 905362
 905530
 905972
 906191
 906634
 906680
 906840
 907006
 907054
 907057
 907170
 907341
 908161
 908474
 909029
 909570
 910037
 910215
 910297
 910520
 910526
 910641
 910808
 911005
 911027
 911148
 911562
 911682
 911991
 912225
 912270
 913237
 913462
 913492
 914117
 914625
 915204
 915220
 915421
 915640
 915840
 915872
 916031
 916052
 916436
 916493
 916750
 917045
 917122
 917170
 917474
 917652
 918439
 918540
 919013
 919553
 919660
 920291
 920328
 920543
 920601
 920865
 921206
 921364
 921390
 921561
 921575
 921901
 922161
 922799
 922956
 923202
 923237
 924004
 924127
 924561
 925113
 926104
 926349
 926472
 926542
 926595
 927161
 927391
 927893
 928032
 928106
 928285
 928573
 928890
 929708
 930445
 930597
 930836
 930868
 931210
 931553
 931814
 931938
 932155
 932386
 933178
 933671
 933953
 934278
 934297
 934413
 934460
 934858
 935971
 936031
 936035
 936339
 936374
 936393
 936398
 936706
 936925
 937044
 937300
 937342
 937592
 937841
 937894
 938275
 938772
 938988
 939495
 939531
 939669
 939856
 940039
 940099
 940234
 940620
 940721
 940767
 940952
 941132
 941196
 941450
 941481
 941779
 942270
 942306
 943107
 943562
 943816
 944147
 944151
 944779
 944841
 945065
 945319
 946119
 946174
 946696
 948145
 948214
 949397
 949447
 949663
 949796
 949851
 950090
 950312
 950315
 951022
 951102
 951535
 951557
 951670
 951707
 951835
 951865
 951868
 952010
 952140
 952380
 952662
 952835
 953723
 954139
 954160
 954267
 954273
 954902
 955003
 955032
 955297
 955930
 956148
 956213
 956262
 957013
 957028
 957191
 957205
 957227
 957635
 959007
 959133
 959216
 960249
 960432
 960472
 960511
 961393
 961734
 962290
 962546
 962593
 962753
 962765
 962785
 962787
 963002
 963114
 963512
 963592
 963744
 963881
 964465
 964778
 964970
 965105
 965213
 965214
 965408
 966248
 966325
 966344
 967286
 967384
 967535
 967578
 967991
 968127
 968573
 968590
 968632
 968682
 968998
 969531
 970156
 970206
 970407
 970439
 970696
 970706
 971211
 971288
 971733
 972110
 972287
 973069
 973312
 973829
 973847
 974012
 974134
 974151
 974801
 974809
 975138
 975227
 975601
 975711
 975769
 976323
 976845
 977448
 977808
 978366
 978383
 978811
 978826
 979497
 979522
 979720
 979795
 979847
 980111
 980370
 980970
 981477
 981661
 981802
 981878
 981997
 982027
 982455
 982460
 982505
 982598
 982649
 982827
 983056
 983191
 983621
 984257
 984306
 984384
 984515
 984890
 984921
 985141
 985253
 985500
 986002
 986501
 986514
 986666
 986707
 987310
 987322
 988994
 989008
 989123
 989590
 989718
 989750
 989775
 989951
 989971
 990112
 990146
 990436
 990539
 990621
 990865
 991053
 991779
 992009
 992228
 992315
 992332
 992407
 992453
 992790
 992964
 993009
 993675
 993914
 994005
 994118
 994318
 994348
 994747
 994787
 995100
 995112
 995127
 996182
 996982
 997044
 997445
 997476
 997738
 998260
 998270
 998335
 998400
 998473
 998855
 999372
 999768
