-998166
-997719
-996360
-996309
-996154
-996146
-995703
-995238
-995066
-994740
-993661
-993211
-992987
-991721
-990556
-989948
-987905
-987062
-985337
-983833
-983790
-983669
-980069
-979884
-978752
-978198
-977899
-977640
-974048
-973906
-973655
-971507
-970557
-969984
-969571
-969385
-968928
-968372
-967768
-967199
-966745
-966707
-965512
-963787
-963727
-962741
-961198
-957420
-957331
-953017
-952583
-951626
-951004
-948879
-947668
-946477
-946257
-946036
-944917
-944626
-944254
-944123
-942713
-942537
-938113
-937783
-936854
-936733
-935652
-935044
-933803
-932391
-931079
-930317
-927326
-927226
-925644
-924435
-923132
-922943
-922841
-922602
-921403
-920065
-915079
-914237
-914042
-913774
-912832
-911790
-911536
-910736
-908450
-907367
-905599
-902746
-902553
-901827
-900680
-898893
-898727
-898132
-897904
-894253
-893313
-893110
-892930
-891424
-889860
-889201
-887957
-887956
-887534
-886234
-885732
-882886
-882788
-879920
-878838
-878793
-877264
-876834
-876765
-876607
-875720
-872825
-872088
-870617
-867337
-865279
-864468
-862390
-860684
-860224
-859625
-859289
-858978
-858766
-858215
-856265
-855640
-855415
-854881
-853053
-852597
-852370
-851520
-851367
-849510
-847716
-847432
-847079
-845554
-845217
-844963
-844854
-843249
-841635
-841365
-840903
-840816
-839699
-838348
-836793
-836219
-835676
-834490
-832957
-832555
-831801
-830346
-829626
-829302
-823446
-818759
-814506
-814488
-812820
-812737
-812709
-812481
-812212
-812044
-810902
-809668
-809296
-804914
-804778
-804548
-804297
-801226
-798588
-798573
-797236
-796813
-796763
-795259
-795078
-794500
-794147
-793873
-793788
-792106
-791586
-789613
-788860
-787514
-787207
-786247
-783640
-783424
-782961
-782894
-782888
-782459
-782042
-781897
-781838
-779223
-774826
-770946
-770447
-770243
-769449
-769033
-768774
-768080
-766164
-762852
-762747
-760131
-758952
-757619
-754924
-754755
-754463
-754415
-753357
-752843
-749887
-747859
-747081
-745498
-744477
-743232
-741474
-740864
-740346
-740305
-739819
-739504
-738817
-738577
-738552
-737781
-737258
-737143
-735047
-734788
-734249
-732347
-731945
-730521
-729767
-729357
-729285
-728740
-728309
-724916
-723803
-722026
-721429
-721358
-720950
-717857
-716939
-716238
-716234
-715284
-714343
-713789
-713618
-712535
-709282
-708568
-707560
-706976
-704889
-704871
-704098
-703902
-703305
-701939
-698797
-696251
-692763
-691244
-688265
-687353
-686477
-686415
-683983
-683640
-681258
-680959
-680634
-679634
-678513
-676773
-675467
-674624
-674365
-672614
-669193
-668168
-667047
-665512
-665219
-664149
-663456
-662379
-660229
-658828
-658218
-656907
-656136
-655935
-653723
-653346
-652633
-651611
-649552
-649243
-648617
-647568
-646744
-646113
-646024
-643979
-643779
-639080
-638090
-637881
-637623
-634375
-634233
-633289
-633096
-629916
-629792
-629685
-628384
-628156
-628054
-627027
-625465
-624859
-623898
-623468
-621425
-621224
-621022
-621017
-620373
-619544
-619433
-619103
-618988
-616735
-614205
-613833
-613125
-612859
-611740
-611510
-609284
-609140
-607305
-604961
-604901
-603240
-602473
-600693
-600389
-600376
-599335
-599205
-599034
-598151
-598139
-596978
-596255
-595751
-595705
-595578
-595571
-594185
-594101
-593972
-592129
-590678
-589037
-588053
-587480
-587073
-586727
-586467
-586166
-584809
-583645
-581239
-581153
-580700
-580605
-580087
-579023
-578453
-577982
-577791
-577740
-576987
-576758
-574291
-574115
-573825
-572511
-572308
-571519
-571145
-569623
-567981
-567877
-565040
-563503
-563493
-563074
-560327
-558731
-558505
-556606
-556223
-554384
-554333
-554260
-552447
-549828
-547520
-547139
-546564
-545942
-545923
-544494
-544108
-544075
-542985
-541751
-539215
-538714
-537314
-536388
-534237
-533213
-531517
-531138
-529036
-528929
-527882
-525516
-519505
-519404
-518225
-517648
-515484
-514064
-512736
-511129
-509970
-509529
-509104
-506770
-504909
-504760
-504646
-504400
-504329
-503829
-503323
-502070
-501734
-501293
-499507
-498923
-495982
-494463
-494182
-492085
-491303
-490885
-488541
-488395
-486173
-485843
-484360
-482227
-481921
-480968
-480205
-479330
-479124
-478720
-478323
-478131
-477897
-475905
-473727
-473470
-472211
-471425
-470509
-469880
-469879
-469754
-469740
-469406
-469125
-468662
-467251
-466551
-466133
-464183
-463553
-461917
-461824
-460220
-458462
-458444
-457525
-457122
-457120
-456706
-455503
-454082
-452424
-451033
-450973
-450690
-449851
-448182
-447956
-447545
-446507
-445246
-445002
-443783
-442472
-438120
-436848
-436226
-433857
-433014
-432403
-431827
-431578
-429882
-428705
-427901
-426822
-425926
-425815
-425739
-425124
-424557
-424143
-420911
-420629
-419480
-419373
-418732
-416608
-409543
-408857
-408843
-405375
-403836
-402595
-402513
-400487
-399395
-397962
-394247
-393571
-393162
-390711
-389121
-388939
-387895
-385289
-383827
-383393
-383153
-383120
-382337
-381063
-380248
-379439
-378496
-377552
-377003
-376511
-373267
-371429
-370988
-369244
-367772
-366236
-366083
-365580
-364774
-364300
-363749
-363300
-362886
-362809
-362375
-362188
-361918
-361498
-361199
-360570
-359226
-358471
-355563
-354888
-354401
-353629
-353374
-352451
-350621
-347900
-346431
-345589
-340782
-340389
-337996
-337377
-337366
-337231
-336007
-334505
-334345
-332141
-331347
-330385
-329967
-329433
-329206
-329103
-329099
-328763
-328660
-328387
-328020
-327747
-327691
-327335
-326536
-324240
-323521
-322299
-321958
-321854
-320951
-320911
-320623
-319799
-319593
-315464
-313995
-313009
-311846
-311674
-311188
-309566
-308416
-308380
-308141
-306923
-306119
-302257
-298332
-295946
-295622
-295305
-293457
-292618
-292056
-290709
-289968
-289413
-288684
-287206
-287099
-286508
-282890
-282308
-281535
-281493
-279833
-278680
-278615
-276935
-276906
-276545
-275947
-275460
-275108
-274955
-273363
-273067
-272854
-272629
-270006
-269875
-268590
-268428
-268244
-265833
-264570
-263648
-263637
-262316
-261843
-260337
-259141
-257004
-255922
-255682
-253629
-253583
-253315
-252520
-252366
-251553
-250615
-249726
-247829
-247109
-247009
-246217
-243121
-241265
-235083
-234617
-234221
-233495
-233322
-229939
-229067
-228609
-227720
-227609
-224986
-224982
-224334
-223666
-223027
-222225
-221911
-221717
-221546
-218080
-214291
-212959
-212857
-212101
-211861
-211495
-211464
-210707
-208786
-208341
-208273
-208072
-207403
-207239
-207171
-206363
-205982
-203597
-201191
-200775
-200178
-199842
-198138
-198106
-192459
-191940
-191671
-191476
-191003
-190454
-189595
-188839
-188350
-186429
-186188
-184519
-183806
-182776
-179600
-179527
-177725
-175472
-175302
-174307
-173647
-172856
-171898
-170397
-169474
-168651
-168292
-165527
-159888
-159681
-159280
-157678
-156488
-155770
-151704
-151404
-149999
-149029
-148533
-147637
-146579
-145489
-144455
-143106
-142468
-139861
-139712
-139709
-139334
-139176
-139108
-137965
-135078
-133498
-130295
-129634
-128606
-127478
-127244
-126303
-125607
-124243
-123127
-121026
-119878
-117488
-117086
-116567
-115164
-113295
-113011
-111874
-111100
-110050
-110004
-109559
-108444
-105195
-104755
-103365
-103194
-102563
 -99730
 -98513
 -97334
 -97051
 -96852
 -96199
 -95536
 -95438
 -95381
 -92402
 -91765
 -90639
 -89746
 -89569
 -89299
 -88785
 -87160
 -87121
 -85647
 -85235
 -84797
 -82093
 -82083
 -81671
 -81057
 -80657
 -80572
 -80231
 -79501
 -78706
 -77878
 -77867
 -74716
 -72109
 -71993
 -71232
 -69935
 -69279
 -68820
 -68464
 -68085
 -62628
 -62421
 -58454
 -58272
 -57514
 -57055
 -56748
 -55729
 -55253
 -54579
 -52962
 -49374
 -48561
 -48071
 -47693
 -46738
 -46241
 -44569
 -43878
 -42630
 -41691
 -41418
 -41116
 -40371
 -38790
 -38107
 -36842
 -36651
 -36117
 -35046
 -34140
 -32795
 -31858
 -30113
 -29053
 -28560
 -28199
 -27731
 -24748
 -22663
 -20684
 -20591
 -20368
 -20347
 -18011
 -17535
 -17518
 -17212
 -17003
 -16086
 -15525
 -15347
 -14362
 -13159
 -12288
 -10676
 -10587
 -10101
  -7080
  -3804
  -1512
  -1415
  -1256
   -210
    799
   3713
   3752
  13249
  13820
  13962
  13993
  14012
  17966
  19000
  19224
  19655
  20012
  21071
  21331
  21738
  22759
  23278
  23476
  23600
  24792
  27309
  27498
  28673
  28894
  28948
  29332
  30024
  31175
  33400
  33914
  34460
  36942
  38405
  39091
  41615
  42990
  43048
  43367
  43848
  44339
  44642
  44775
  45309
  46096
  47747
  47940
  50036
  50632
  51200
  51555
  52921
  54384
  54901
  56789
  57270
  57646
  57722
  59963
  60662
  61204
  61223
  61542
  62036
  62953
  63665
  64467
  64798
  70838
  71257
  71305
  73042
  74759
  77867
  79503
  79912
  80208
  85168
  85505
  89762
  90367
  90864
  93641
  93730
  99179
  99214
  99424
 100019
 101415
 102526
 103790
 105729
 106738
 107574
 109057
 109608
 110116
 111411
 111582
 111610
 112319
 113503
 113632
 116961
 117373
 117522
 118376
 119494
 120038
 120516
 121702
 122580
 123414
 124931
 126179
 126403
 127369
 128780
 129509
 129696
 129801
 131243
 131459
 131781
 132590
 132875
 133913
 134316
 134845
 135509
 136603
 137429
 138245
 139202
 141664
 142582
 142969
 144380
 145021
 146366
 147811
 148332
 149020
 149488
 150108
 152184
 153105
 155091
 155748
 157230
 157851
 158067
 158597
 158641
 162281
 162541
 162767
 162829
 162945
 163608
 164076
 164411
 165187
 165980
 166061
 166391
 167493
 167838
 168571
 168729
 169101
 170476
 171085
 171136
 172329
 174035
 175220
 175744
 177456
 178496
 181170
 181275
 182127
 183971
 184906
 186262
 187200
 188370
 188579
 190249
 192213
 192333
 192348
 192459
 192881
 195591
 197895
 198983
 199524
 205241
 205562
 207982
 208173
 208783
 209203
 211115
 211244
 217170
 218510
 219956
 220302
 220755
 221096
 221165
 221729
 224209
 224490
 225022
 225955
 226070
 226626
 227126
 228453
 232112
 232147
 232364
 232365
 233357
 234311
 235287
 235431
 237135
 237400
 240984
 244425
 245228
 247311
 247711
 250472
 251171
 251183
 252687
 253595
 254105
 254169
 254285
 254306
 254760
 256135
 256271
 257176
 259322
 260262
 260607
 261049
 261263
 261424
 262099
 262653
 263656
 266751
 268094
 268512
 268583
 268992
 273452
 273535
 273789
 274109
 274276
 276241
 276450
 277263
 277801
 277952
 279142
 279751
 280581
 280615
 281180
 284680
 285786
 286767
 287381
 290466
 290661
 291670
 293944
 294023
 294760
 296906
 297510
 297920
 298015
 299160
 299563
 301119
 302805
 302939
 306594
 307233
 309422
 309723
 311469
 312107
 312570
 313804
 314459
 314844
 316710
 317172
 317427
 317625
 318410
 318528
 319153
 319508
 320032
 320033
 323966
 324110
 324123
 325398
 327228
 328094
 330345
 331339
 331449
 331758
 332271
 336575
 336717
 337879
 338489
 341017
 341795
 341808
 343239
 343548
 344513
 344681
 347184
 347293
 351224
 351324
 351747
 352270
 352879
 353040
 353730
 357470
 358959
 359084
 359282
 361258
 365767
 365817
 366386
 368095
 369421
 370450
 370475
 370716
 372320
 372550
 372622
 372981
 373581
 373669
 374249
 375327
 376329
 379079
 381175
 382087
 382092
 382755
 384488
 384519
 384953
 385644
 385696
 387966
 388158
 388789
 389612
 389739
 391271
 391842
 392590
 392983
 394255
 394414
 394661
 397240
 397791
 398506
 399179
 399811
 400440
 401283
 402262
 403009
 404002
 404633
 405057
 405068
 405503
 407003
 408165
 410799
 413574
 413947
 414079
 414421
 415281
 416553
 417514
 418216
 420658
 421763
 422316
 423384
 425005
 425449
 426130
 428509
 428853
 428961
 429475
 431664
 433430
 434126
 434153
 434296
 434340
 435056
 436204
 436698
 437720
 438275
 440030
 440383
 442156
 443229
 444997
 445749
 447761
 449152
 451074
 451727
 452478
 453301
 454400
 456458
 457058
 458005
 458247
 458679
 458767
 459116
 460009
 460776
 460850
 460972
 461105
 461296
 462364
 462527
 462622
 463243
 464346
 464647
 465256
 466030
 467976
 468587
 468958
 469027
 474337
 474497
 477393
 478221
 478590
 478744
 479198
 480078
 480764
 482843
 483856
 485202
 485989
 486913
 487171
 489032
 490502
 490537
 491077
 491511
 491843
 491892
 492487
 493510
 494354
 495093
 498846
 498960
 500720
 502483
 502904
 503251
 503981
 505325
 505334
 505594
 505657
 506426
 507060
 508248
 508681
 508884
 508901
 508991
 513162
 513364
 513680
 515547
 516811
 518631
 519784
 520333
 521278
 522162
 522552
 522581
 523029
 525192
 525250
 526797
 527037
 527876
 528724
 531013
 533184
 534350
 537219
 537990
 538306
 540991
 541570
 542265
 542512
 544295
 545832
 545938
 548234
 550487
 551507
 551724
 554045
 555231
 555361
 556428
 557119
 557902
 557979
 559533
 560932
 561422
 562194
 562778
 563006
 565601
 568155
 568849
 570656
 574164
 576409
 576866
 577958
 578474
 581514
 583947
 584000
 584822
 588070
 588629
 588778
 589805
 592222
 594157
 595432
 600291
 601743
 602017
 603847
 603957
 604242
 604362
 605153
 605926
 606412
 606590
 608233
 608824
 609580
 610017
 610365
 610693
 612019
 612036
 613568
 614408
 616425
 617616
 617844
 618396
 618544
 622873
 624935
 626403
 626428
 626686
 629152
 631747
 632513
 633233
 633646
 634449
 634661
 634774
 635225
 637484
 637846
 640041
 642240
 642376
 642492
 642530
 644604
 645453
 654762
 654765
 655522
 657567
 657739
 658712
 659835
 660210
 660288
 660350
 660398
 660501
 660726
 661441
 663024
 665382
 665551
 666783
 669392
 669548
 670172
 672942
 673832
 674740
 675838
 679658
 681232
 681814
 682132
 682635
 684676
 686904
 688173
 688174
 690051
 690752
 690922
 691455
 691654
 691918
 692338
 694324
 695411
 696033
 696201
 697277
 697389
 697511
 697738
 699096
 699621
 700452
 701138
 701364
 701411
 703205
 704949
 707071
 709829
 710499
 711423
 711522
 712083
 712376
 714442
 715065
 716557
 716626
 716827
 718358
 719281
 719321
 720223
 720266
 720437
 722678
 724849
 725803
 727345
 727933
 730200
 730353
 731419
 731506
 731518
 732644
 734785
 734985
 735287
 735416
 736897
 738608
 740327
 742870
 742963
 745942
 746326
 746786
 748165
 749655
 750319
 751400
 752524
 753413
 753946
 754357
 754493
 755911
 756239
 757517
 758024
 759089
 759875
 762316
 762634
 763345
 765117
 766177
 766244
 768806
 769445
 771274
 771521
 772025
 772772
 772977
 774168
 774577
 774953
 777031
 780168
 780473
 782227
 782273
 783842
 784440
 785184
 785939
 787233
 787492
 788979
 789045
 791015
 791226
 791462
 791849
 792646
 792814
 793553
 793931
 794652
 795098
 795126
 795133
 795353
 795588
 795746
 795863
 796319
 796831
 797471
 799037
 800247
 801881
 801917
 802520
 803767
 804852
 807148
 807269
 807441
 808478
 809497
 811587
 813743
 816096
 816725
 817201
 819649
 819816
 820546
 821283
 822059
 822293
 823044
 824244
 824320
 824349
 824666
 826193
 830756
 830902
 833206
 833713
 834955
 835064
 835297
 835646
 835762
 836049
 836986
 838126
 838310
 838535
 839425
 840762
 841298
 841617
 843587
 845902
 848040
 848349
 848675
 848956
 849248
 853674
 853802
 855430
 855498
 856126
 857710
 857928
 858015
 858684
 859462
 862546
 863294
 864355
 865574
 865856
 866805
 866819
 867425
 867724
 868234
 868632
 868633
 869514
 870014
 870161
 871904
 872209
 872413
 874009
 875219
 875491
 876078
 876410
 880226
 881087
 883016
 884840
 884937
 885580
 886547
 888131
 888769
 890709
 891964
 892346
 893174
 894592
 895570
 896187
 896611
 898547
 898582
 899052
 899267
 900557
 902555
 904890
 904982
 905530
 905972
 906191
 906680
 907006
 907170
 910215
 911027
 911562
 911682
 912225
 915640
 916031
 916493
 917474
 917652
 918540
 919013
 919553
 920543
 925113
 926542
 926595
 927161
 927391
 930836
 931553
 931814
 932155
 934278
 934413
 934460
 936035
 936339
 936374
 936398
 936925
 937044
 937300
 937342
 938988
 939856
 940620
 941450
 941481
 943562
 944779
 945319
 948214
 949397
 949796
 951707
 952140
 952835
 954139
 954160
 954267
 955297
 956148
 957227
 957635
 959133
 960511
 961734
 962290
 963512
 963744
 963881
 965213
 965408
 966248
 967991
 968127
 968590
 968998
 970156
 971211
 971288
 973069
 976845
 978366
 978383
 979497
 980111
 980370
 980970
 982455
 982460
 982505
 982827
 984306
 985141
 986514
 986707
 987322
 990436
 992009
 992315
 992407
 994005
 994318
 995100
 998473
 999372
